[1, 18, 21, 42, 701, 2, 160, 1309, 4, 3, 1309, 1309]
[1, 18, 21, 42, 701, 2, 92, 1309, 4, 3, 1309, 1309]
[1, 60, 7, 4, 3, 1309, 152, 121, 1309]
[1, 1309]
[1, 22, 12, 1309, 22, 12, 1309, 22, 12, 1309]
[1, 50, 1309, 50, 1309, 50, 1309]
[1, 1309, 116, 428, 1309, 1309, 716, 1309, 1309, 116, 428, 1309]
[1, 161, 1309, 1309, 127, 1309, 161, 1309, 1309, 161, 1309, 1309, 127, 1309]
[1, 226, 171, 334, 1309, 226, 171, 334, 1309, 226, 171, 334, 1309]
[1, 1309, 116, 428, 1309, 1309, 716, 1309, 50, 1309]
[1, 226, 171, 334, 1309, 226, 171, 334, 1309, 226, 171, 334, 1309]
[1, 161, 1309, 1309, 127, 1309, 161, 1309, 1309, 161, 1309, 1309, 127, 1309]
[1, 22, 12, 1309, 22, 12, 1309, 22, 12, 1309]
[1, 30, 1309, 13, 1309, 30, 1309, 13, 1309, 30, 1309, 13, 1309, 2, 17, 54, 149, 86, 1309, 64, 65, 1309]
[1, 64, 65, 1309, 64, 65, 1309, 64, 65, 1309]
[1, 4, 3, 1309, 1309, 1309, 1309, 4, 3, 1309, 1309]
[1, 26, 1309, 2, 26, 23, 1309, 26, 1309]
[1, 26, 1309, 127, 1309, 26, 1309]
[1, 64, 65, 1309, 64, 65, 1309, 64, 65, 1309]
[1, 30, 1309, 13, 1309, 30, 1309, 13, 1309, 30, 1309, 13, 1309]
[1, 561, 1309, 561, 1309, 561, 1309]
[1, 161, 1309, 1309, 127, 1309, 161, 1309, 1309, 127, 1309, 161, 1309, 1309, 127, 1309]
[1, 26, 1309, 127, 1309, 127, 1309]
[1, 22, 12, 1309, 22, 12, 1309, 22, 12, 1309]
[1, 28, 15, 1309, 28, 15, 1309, 28, 15, 1309]
[1, 22, 12, 1309, 22, 12, 1309, 22, 12, 1309]
[1, 26, 1309, 2, 26, 23, 1309, 26, 1309]
[1, 22, 12, 1309, 22, 12, 1309, 22, 12, 1309]
[1, 64, 65, 1309, 245, 1309]
[1, 2, 56, 1309, 2, 21, 68, 14, 1309, 1309]
[1, 5, 26, 21, 42, 35, 2, 160, 689, 1309]
[1, 18, 28, 15, 75, 6, 448, 101, 367, 75, 1309]
[1, 10, 11, 853, 44, 2, 22, 12, 454, 1309, 2, 4, 3, 1309]
[1, 5, 77, 6, 2, 28, 15, 674, 1103, 1309]
[1, 5, 42, 7, 2, 15, 827, 1309]
[1, 8, 7, 2, 12, 1001, 205, 768, 1309, 2, 4, 3, 1309]
[1, 8, 7, 2, 15, 192, 1309, 2, 92, 68, 14, 1309]
[1, 8, 387, 1309, 2, 12, 1309, 2, 160, 68, 1309]
[1, 8, 39, 2, 1259, 4, 3, 785, 1309]
[1, 10, 11, 143, 44, 240, 1309, 2, 4, 3, 207, 93, 1309]
[1, 8, 6, 229, 23, 1309, 21, 117, 1309]
[1, 5, 6, 2, 803, 1059, 1309, 26, 9, 2, 28, 15, 24, 59, 118, 23, 1309]
[1, 18, 28, 15, 42, 850, 6, 445, 1309, 2, 42, 1309, 117, 1309, 26, 1309]
[1, 5, 39, 2, 803, 14, 843, 9, 2, 22, 535, 1309, 118, 23, 1309, 26, 1309]
[1, 10, 11, 143, 44, 89, 1309, 2, 4, 3, 207, 93, 1309]
[1, 18, 42, 7, 305, 153, 1309, 866, 1309, 1246, 59, 4, 3, 556, 449, 1309, 4, 3, 1309, 1309]
[1, 8, 1309, 2, 94, 9, 2, 15, 1309]
[1, 8, 7, 28, 192, 1309, 2, 92, 68, 14, 1309]
[1, 10, 11, 93, 44, 2, 15, 240, 1309, 2, 4, 3, 1309]
[1, 8, 7, 22, 192, 1309, 2, 160, 68, 1309]
[1, 8, 6, 2, 101, 367, 75, 9, 2, 26, 21, 23, 1309]
[1, 8, 7, 22, 192, 1309, 2, 26, 160, 68, 14, 1309]
[1, 8, 7, 2, 28, 15, 192, 1309, 2, 26, 92, 68, 14, 1309]
[1, 8, 6, 2, 26, 21, 117, 1309]
[1, 8, 7, 2, 15, 192, 1309, 682, 2, 92, 921, 1309]
[1, 5, 77, 7, 2, 28, 15, 977, 1309]
[1, 1309, 330, 1309, 330, 1309]
[1, 36, 27, 1309, 36, 27, 1309, 27, 1309]
[1, 1309, 1309, 47, 1309, 47, 1309]
[1, 12, 1309, 2, 12, 1309, 12, 1309]
[1, 66, 36, 27, 1309, 36, 27, 1309, 27, 1309]
[1, 163, 635, 275, 1309, 163, 1309, 163, 1309]
[1, 19, 6, 695, 1309, 22, 1309, 260, 1309, 19, 1309, 19, 1309]
[1, 113, 1309, 113, 1309, 113, 1309]
[1, 36, 27, 1309, 2, 12, 1309, 27, 1309]
[1, 37, 1309, 37, 1309, 37, 1309]
[1, 47, 1309, 47, 1309, 47, 1309]
[1, 36, 27, 1309, 36, 27, 1309, 27, 1309]
[1, 66, 1309, 66, 1309, 66, 1309]
[1, 1309, 1309, 163, 1309, 163, 1309]
[1, 1309, 1309, 47, 1309, 47, 1309]
[1, 36, 27, 1309, 36, 27, 1309, 36, 27, 1309]
[1, 1309, 1309, 163, 1309, 163, 1309]
[1, 113, 1309, 113, 1309, 113, 1309]
[1, 37, 1309, 37, 1309, 37, 1309]
[1, 1309, 214, 1309, 1309, 214, 1309, 214, 1309]
[1, 36, 27, 1309, 36, 27, 1309, 36, 27, 1309]
[1, 66, 1309, 66, 1309, 66, 1309]
[1, 113, 1309, 113, 1309, 113, 1309]
[1, 37, 1309, 37, 1309, 37, 1309]
[1, 36, 27, 1309, 36, 27, 1309, 36, 27, 1309]
[1, 163, 1309, 163, 1309, 163, 1309]
[1, 40, 1309, 40, 1309, 40, 1309]
[1, 1309, 1309, 34, 1309, 1309, 1309, 34, 1309, 1309, 1309, 34, 1309]
[1, 51, 1309, 51, 1309, 51, 1309]
[1, 70, 16, 82, 72, 1309, 70, 16, 82, 72, 1309, 70, 16, 82, 72, 1309]
[1, 4, 3, 215, 1309, 4, 3, 215, 1309, 215, 1309]
[1, 40, 1309, 40, 1309, 40, 1309]
[1, 1309, 1309, 34, 1309, 1309, 1309, 34, 1309, 1309, 1309, 34, 1309]
[1, 70, 1309, 70, 1309, 70, 1309]
[1, 82, 72, 1309, 82, 72, 1309, 72, 1309]
[1, 51, 1309, 51, 1309, 51, 1309]
[1, 40, 1309, 40, 1309, 40, 1309]
[1, 1309, 1309, 34, 1309, 1309, 1309, 34, 1309, 1309, 1309, 34, 1309]
[1, 82, 72, 1309, 82, 72, 1309, 82, 72, 1309, 1309]
[1, 398, 1309, 398, 1309, 398, 1309]
[1, 40, 1309, 40, 1309, 40, 1309]
[1, 1309, 1309, 34, 1309, 1309, 1309, 34, 1309, 1309, 1309, 34, 1309]
[1, 51, 1309, 51, 1309, 51, 1309]
[1, 70, 16, 82, 72, 1309, 70, 16, 82, 72, 1309, 70, 16, 82, 72, 1309]
[1, 40, 1309, 40, 1309, 40, 1309]
[1, 51, 1309, 51, 1309, 51, 1309]
[1, 70, 16, 82, 72, 1309, 70, 16, 82, 72, 1309, 70, 16, 82, 72, 1309]
[1, 4, 3, 215, 1309, 4, 3, 215, 1309, 4, 3, 215, 1309]
[1, 1309, 1309, 34, 1309, 1309, 1309, 34, 1309, 1309, 1309, 34, 9, 1309, 362, 1309]
[1, 51, 1309, 51, 1309, 51, 1309]
[1, 70, 16, 82, 72, 1309, 70, 16, 82, 72, 1309, 70, 16, 82, 72, 1309]
[1, 82, 72, 1309, 51, 1309, 51, 1309]
[1, 154, 97, 1309, 154, 97, 1309, 97, 1309]
[1, 2, 264, 4, 3, 1309, 2, 264, 1309, 264, 1309]
[1, 80, 1309, 80, 1309, 80, 1309]
[1, 154, 97, 1309, 154, 97, 1309, 97, 1309]
[1, 494, 80, 1309, 1309, 494, 80, 1309, 80, 1309]
[1, 154, 97, 1309, 154, 97, 1309, 97, 1309]
[1, 154, 97, 1309, 154, 97, 1309, 97, 1309]
[1, 154, 97, 1309, 154, 97, 1309, 97, 1309]
[1, 424, 1309, 1309, 615, 14, 9, 1309, 1309, 1309, 317, 1309, 424, 1309]
[1, 424, 1309, 424, 1309, 424, 1309]
[1, 80, 1309, 80, 1309, 80, 1309]
[1, 29, 111, 1309, 174, 140, 1309, 29, 111, 1309, 174, 140, 1309, 174, 140, 1309]
[1, 164, 1309, 61, 57, 13, 1309, 164, 1309, 61, 57, 13, 1309, 61, 57, 13, 1309]
[1, 17, 54, 149, 86, 1309, 30, 1309, 13, 1309, 17, 54, 149, 86, 1309, 30, 1309, 13, 1309, 30, 1309, 13, 1309]
[1, 61, 57, 13, 1309, 61, 57, 13, 1309, 61, 57, 13, 1309]
[1, 30, 1309, 13, 1309, 30, 1309, 13, 1309, 30, 1309, 13, 1309]
[1, 30, 1309, 13, 1309, 30, 1309, 13, 1309, 30, 1309, 13, 1309]
[1, 5, 6, 2, 56, 1309, 29, 111, 1309, 140, 1309, 2, 173, 33, 4, 3, 1309, 467, 121, 1309]
[1, 5, 6, 2, 198, 56, 1309, 164, 1309, 13, 1309, 2, 173, 1309, 4, 3, 1309, 1309]
[1, 5, 37, 849, 7, 2, 21, 617, 421, 9, 2, 14, 1309]
[1, 1309, 29, 111, 1309, 174, 140, 1309, 164, 1309, 61, 57, 13, 1309, 16, 2, 17, 54, 149, 86, 1309, 30, 1309, 13, 1309]
[1, 10, 11, 771, 7, 2, 21, 1119, 975, 4, 3, 1309, 1309, 645, 1309, 1309]
[1, 35, 1309, 2, 771, 1309, 982, 140, 1309, 1309, 290, 60, 1309]
[1, 5, 1309, 2, 56, 1309, 2, 13, 1309, 164, 33, 6, 248, 1309]
[1, 5, 6, 2, 398, 43, 33, 6, 248, 1309]
[1, 5, 1309, 2, 56, 1309, 2, 13, 1309, 17, 54, 149, 86, 1309]
[1, 1309, 30, 1309, 13, 1309, 30, 1309, 13, 1309]
[1, 5, 231, 13, 6, 248, 9, 4, 3, 1309, 1309]
[1, 5, 29, 111, 13, 6, 248, 9, 4, 3, 1309, 1309]
[1, 5, 1309, 2, 56, 1309, 2, 13, 60, 4, 3, 1309, 6, 89, 1309]
[1, 1309, 30, 1309, 13, 1309, 30, 1309, 13, 1309]
[1, 31, 39, 2, 47, 640, 9, 692, 4, 3, 1309, 533, 1309]
[1, 10, 11, 93, 95, 2, 379, 593, 86, 237, 2, 4, 3, 1309]
[1, 5, 6, 2, 101, 643, 4, 3, 237, 1309, 2, 379, 593, 86, 1309]
[1, 31, 6, 2, 101, 643, 4, 3, 237, 1309, 2, 379, 593, 86, 1309]
[1, 31, 7, 2, 17, 54, 149, 86, 73, 109, 2, 4, 3, 1309]
[1, 5, 6, 2, 130, 899, 758, 30, 1309, 13, 1309]
[1, 31, 39, 2, 640, 533, 1309]
[1, 1309, 5, 235, 7, 4, 3, 923, 152, 121, 1309]
[1, 1309, 5, 344, 7, 2, 231, 316, 617, 947, 2, 1157, 1309, 1088, 2, 164, 13, 1309]
[1, 1309, 5, 77, 6, 2, 4, 3, 73, 78, 1309, 2, 1173, 231, 86, 1309]
[1, 10, 11, 93, 95, 1309, 4, 3, 1121, 121, 1309, 164, 1309, 61, 57, 13, 1309]
[1, 5, 6, 2, 73, 4, 3, 33, 467, 121, 1309, 61, 57, 13, 1309, 164, 1309]
[1, 1309, 80, 1309, 10, 11, 849, 39, 448, 1309, 640, 9, 692, 4, 3, 1309, 298, 2, 265, 13, 6, 531, 1309]
[1, 5, 6, 2, 748, 33, 1073, 1309, 16, 503, 164, 1309, 61, 57, 13, 1309, 1309, 989, 1309, 1309, 2, 609, 1309, 109, 4, 3, 1309, 1309]
[1, 100, 1309, 229, 1224, 1309, 31, 7, 17, 54, 73, 109, 1309, 4, 3, 1309]
[1, 5, 130, 43, 95, 237, 2, 4, 3, 91, 93, 1309]
[1, 5, 344, 39, 2, 922, 47, 13, 1278, 9, 4, 3, 1309, 533, 1309]
[1, 10, 11, 93, 1118, 95, 2, 61, 57, 13, 48, 4, 914, 1309]
[1, 1309, 1309, 1309, 1309, 93, 1309]
[1, 29, 111, 1309, 29, 111, 1309, 29, 111, 1309]
[1, 194, 1309, 194, 1309, 194, 1309]
[1, 231, 316, 1309, 2, 231, 316, 1309, 231, 316, 1309]
[1, 105, 1309, 1309, 102, 1309, 105, 1309, 1309, 102, 1309, 105, 1309, 1309, 102, 1309, 1309]
[1, 21, 434, 1309, 21, 434, 1309, 21, 434, 1309]
[1, 87, 1309, 1309, 87, 1309, 87, 1309]
[1, 1309, 191, 172, 1309, 1309, 191, 172, 1309, 1309, 191, 172, 1309]
[1, 17, 268, 1309, 17, 268, 1309, 17, 268, 1309]
[1, 402, 1309, 1309, 402, 1309, 105, 1309, 1309, 102, 1309]
[1, 105, 1309, 1309, 102, 1309, 105, 1309, 1309, 102, 1309, 105, 1309, 1309, 102, 1309, 1309]
[1, 1309, 191, 172, 1309, 1309, 191, 172, 1309, 1309, 191, 172, 1309]
[1, 4, 3, 370, 1309, 4, 3, 370, 1309, 370, 1309]
[1, 17, 268, 1309, 17, 268, 1309, 17, 268, 1309]
[1, 102, 1309, 102, 1309, 102, 1309]
[1, 87, 1309, 87, 1309, 87, 1309]
[1, 1309, 191, 172, 1309, 1309, 191, 172, 1309, 1309, 191, 172, 1309]
[1, 194, 1309, 194, 1309, 194, 1309]
[1, 4, 3, 370, 1309, 4, 3, 370, 1309, 370, 1309]
[1, 105, 1309, 1309, 102, 1309, 105, 1309, 1309, 102, 1309, 1309, 105, 1309, 1309, 102, 1309]
[1, 87, 1309, 1309, 87, 1309, 87, 1309]
[1, 322, 1309, 1309, 322, 1309, 322, 1309]
[1, 402, 1309, 1309, 402, 1309, 402, 1309]
[1, 105, 1309, 1309, 102, 1309, 105, 1309, 1309, 102, 1309, 105, 1309, 1309, 102, 1309]
[1, 87, 1309]
[1, 10, 132, 7, 30, 1309, 13, 175, 1309]
[1, 31, 6, 2, 73, 173, 245, 237, 1309, 4, 3, 1309]
[1, 1309, 322, 1309, 322, 1309]
[1, 55, 104, 1309, 55, 104, 1309, 104, 1309]
[1, 91, 1309, 91, 1309, 79, 1309]
[1, 79, 1309, 79, 1309, 79, 1309]
[1, 28, 15, 1309, 2, 28, 15, 1309, 15, 1309]
[1, 4, 3, 185, 1309, 4, 3, 185, 1309, 185, 1309]
[1, 55, 104, 1309, 55, 104, 1309, 104, 1309]
[1, 207, 1309, 207, 1309, 207, 1309]
[1, 91, 1309, 91, 1309, 91, 1309]
[1, 4, 3, 391, 1309, 4, 3, 391, 1309, 391, 1309]
[1, 79, 1309, 91, 1309, 91, 1309]
[1, 106, 35, 1309, 106, 35, 1309, 35, 1309]
[1, 106, 35, 1309, 106, 35, 1309, 35, 1309]
[1, 4, 3, 185, 1309, 4, 3, 185, 1309, 4, 3, 185, 1309]
[1, 4, 3, 391, 1309]
[1, 10, 11, 143, 44, 48, 1309, 669, 234, 9, 2, 118, 23, 1309]
[1, 10, 11, 196, 7, 2, 15, 441, 1309, 2, 118, 23, 298, 4, 3, 1309, 1309]
[1, 10, 11, 143, 1309, 1309, 4, 3, 1309, 44, 240, 1309, 2, 68, 14, 207, 93, 1309]
[1, 298, 4, 3, 1309, 1309, 5, 6, 2, 219, 1309, 56, 33, 852, 846, 143, 9, 59, 73, 4, 3, 853, 1309]
[1, 913, 28, 15, 609, 477, 6, 1099, 1309]
[1, 18, 28, 15, 938, 653, 737, 1309, 416, 200, 298, 2, 23, 680, 1309]
[1, 10, 11, 143, 44, 107, 1309, 118, 23, 196, 515, 2, 753, 1216, 6, 1251, 1309]
[1, 1309, 5, 77, 7, 2, 21, 1025, 1309, 1309, 753, 118, 23, 1309]
[1, 8, 48, 2, 471, 234, 1309, 2, 92, 1309]
[1, 10, 11, 15, 712, 1309, 2, 350, 3, 1309]
[1, 10, 11, 15, 39, 770, 1263, 1309]
[1, 5, 668, 1029, 201, 200, 1309, 2, 579, 1309]
[1, 5, 77, 7, 2, 317, 765, 1210, 1082, 25, 1309, 196, 1309, 557, 1309]
[1, 5, 77, 7, 2, 2, 1060, 631, 1309, 762, 234, 1309]
[1, 31, 7, 2, 1182, 1017, 1309, 1309, 234, 1309, 762, 1309]
[1, 5, 256, 7, 2, 28, 15, 441, 311, 225, 1309, 24, 59, 579, 1309]
[1, 18, 75, 7, 2, 15, 441, 1309, 1309, 200, 256, 1309, 1309, 579, 14, 1309]
[1, 18, 609, 477, 7, 2, 15, 1100, 1309]
[1, 31, 7, 2, 21, 499, 59, 1309, 14, 1159, 1309]
[1, 10, 11, 15, 216, 39, 550, 1309, 2, 350, 3, 1309]
[1, 18, 42, 48, 2, 471, 118, 23, 1309, 59, 1125, 1309]
[1, 31, 7, 2, 317, 1309, 205, 1309, 1309, 1309, 196, 1309, 2, 118, 23, 1309]
[1, 1309, 169, 1309, 169, 1309]
[1, 28, 15, 1309, 2, 15, 1309, 28, 1309]
[1, 91, 1309, 91, 1309, 91, 1309]
[1, 79, 1309, 79, 1309, 79, 1309]
[1, 1309, 1309, 1309, 1309, 1309, 1309]
[1, 1309, 1309, 1309, 1309, 1309, 1309]
[1, 1309, 1309, 1309, 1309, 1309, 1309]
[1, 324, 475, 1309, 324, 475, 1309, 475, 1309]
[1, 1309, 1309, 1309, 1309, 1309, 1309]
[1, 380, 1309, 380, 1309, 380, 1309]
[1, 5, 368, 2, 101, 436, 33, 324, 475, 95, 48, 1309]
[1, 5, 144, 145, 481, 364, 53, 1309]
[1, 18, 15, 1309, 590, 1309, 1227, 1309, 2, 1309, 196, 437, 1309, 1309, 4, 3, 1309, 1309]
[1, 10, 11, 694, 216, 205, 2, 15, 39, 550, 1309, 53, 1309, 2, 350, 3, 1309]
[1, 8, 1309, 2, 94, 9, 2, 28, 15, 1309]
[1, 10, 11, 96, 7, 19, 357, 9, 1309, 26, 1309]
[1, 10, 11, 270, 7, 19, 44, 1309, 26, 1309]
[1, 10, 11, 270, 7, 228, 88, 44, 1309, 1309, 196, 1309]
[1, 10, 11, 301, 7, 28, 388, 2, 21, 1309, 708, 9, 694, 446, 1309]
[1, 10, 11, 96, 7, 19, 153, 9, 436, 1309, 2, 26, 23, 1309]
[1, 10, 11, 270, 7, 19, 153, 1309, 2, 26, 23, 1309]
[1, 5, 6, 19, 1309, 94, 353, 9, 26, 1309]
[1, 1309, 380, 1309, 380, 1309]
[1, 10, 11, 525, 7, 364, 153, 9, 2, 26, 23, 1309]
[1, 10, 11, 301, 7, 2, 15, 260, 979, 1309]
[1, 10, 11, 537, 303, 7, 1165, 1049, 44, 1309]
[1, 10, 11, 275, 7, 632, 648, 790, 1309]
[1, 10, 11, 1234, 7, 728, 766, 1221, 1309]
[1, 8, 817, 2, 101, 303, 1309, 2, 42, 229, 23, 1309]
[1, 10, 11, 292, 368, 2, 15, 260, 1009, 25, 1309, 26, 1309]
[1, 8, 656, 2, 15, 1309, 303, 1309]
[1, 10, 11, 15, 260, 216, 39, 550, 9, 2, 350, 3, 1309]
[1, 10, 11, 569, 381, 7, 63, 108, 44, 1309]
[1, 18, 75, 48, 2, 101, 292, 9, 2, 23, 1309]
[1, 10, 11, 26, 23, 292, 7, 2, 15, 1309, 260, 153, 1309]
[1, 8, 48, 163, 303, 1309, 224, 196, 1309, 1309, 28, 15, 1232, 1309]
[1, 8, 6, 2, 15, 1309, 396, 1292, 9, 26, 1309]
[1, 1309, 632, 648, 1309, 283, 1309]
[1, 47, 1309]
[1, 8, 1309, 2, 302, 219, 1309, 2, 12, 1309]
[1, 8, 89, 94, 9, 2, 12, 110, 45, 20, 6, 972, 1309]
[1, 8, 7, 45, 20, 53, 9, 1309, 1309, 901, 1309]
[1, 8, 7, 2, 12, 53, 1309, 2, 73, 135, 1309, 2, 118, 23, 1309]
[1, 8, 1309, 22, 1309, 408, 819, 1309]
[1, 10, 11, 213, 6, 55, 104, 2, 302, 219, 1309, 2, 22, 12, 1309]
[1, 5, 1309, 2, 56, 1309, 2, 535, 1309, 302, 219, 1309, 8, 6, 1156, 110, 55, 104, 1309]
[1, 5, 6, 2, 85, 42, 45, 20, 680, 621, 9, 1309]
[1, 10, 217, 6, 45, 20, 1309, 26, 1309]
[1, 1309, 2, 1174, 135, 1309, 2, 26, 23, 1309, 5, 256, 6, 45, 20, 1002, 25, 1309]
[1, 31, 55, 104, 242, 1309, 302, 219, 9, 2, 12, 1309, 8, 808, 519, 1309]
[1, 8, 6, 2, 94, 9, 2, 12, 26, 23, 1309]
[1, 5, 256, 7, 20, 514, 2, 1077, 298, 2, 23, 658, 1309]
[1, 10, 217, 6, 20, 1309, 2, 1146, 1309, 2, 26, 23, 1309]
[1, 10, 11, 196, 7, 2, 12, 441, 24, 59, 118, 26, 23, 1309]
[1, 5, 219, 242, 2, 12, 110, 2, 23, 100, 1309, 4, 3, 1309, 1309]
[1, 605, 1309, 14, 843, 1309, 18, 4, 3, 1309, 94, 48, 201, 1108, 77, 515, 201, 85, 23, 1309, 1309, 75, 1309, 2, 21, 1309]
[1, 8, 6, 2, 22, 302, 219, 9, 4, 3, 1309, 1309]
[1, 5, 792, 6, 851, 1309, 20, 33, 956, 519, 1309, 135, 1309, 1309]
[1, 1309, 242, 1309, 242, 1309]
[1, 498, 351, 1309, 498, 351, 1309, 351, 1309]
[1, 159, 1309, 159, 1309, 159, 1309]
[1, 1309, 1309, 1309, 1309, 1309, 1309]
[1, 328, 63, 1309, 328, 63, 1309, 63, 1309]
[1, 1309, 1309, 170, 1309, 1309, 1309, 170, 1309, 170, 1309]
[1, 1309, 1309, 1309, 1309, 1309, 1309]
[1, 159, 1309, 159, 1309, 159, 1309]
[1, 650, 1309, 650, 1309, 650, 1309]
[1, 224, 1309, 1309, 1309, 1138, 159, 435, 353, 1309, 1309]
[1, 328, 63, 1309, 328, 63, 1309, 63, 1309]
[1, 653, 1309, 653, 1309, 63, 1309]
[1, 159, 1309, 159, 1309, 159, 1309]
[1, 1309, 1309, 1309, 1309, 1309, 1309]
[1, 328, 63, 1309, 328, 63, 1309, 63, 1309]
[1, 1309, 1309, 163, 1309, 163, 1309]
[1, 159, 1309, 159, 1309, 159, 1309]
[1, 1309, 1309, 1309, 1309, 1309, 1309]
[1, 512, 371, 1309, 512, 371, 1309, 371, 1309]
[1, 1309, 1309, 170, 1309, 1309, 1309, 170, 1309, 170, 1309]
[1, 614, 1309, 614, 1309, 614, 1309]
[1, 672, 1309, 672, 1309, 672, 1309]
[1, 523, 1309, 523, 1309, 523, 1309]
[1, 148, 218, 1309, 148, 218, 1309, 218, 1309]
[1, 37, 1309, 37, 1309, 37, 1309]
[1, 66, 1309, 66, 1309, 66, 1309]
[1, 66, 1309, 66, 1309, 66, 1309]
[1, 408, 671, 1309, 408, 671, 1309, 408, 671, 1309]
[1, 548, 1309, 548, 1309, 548, 1309]
[1, 36, 27, 1309, 36, 27, 1309, 27, 1309]
[1, 148, 218, 1309, 148, 218, 1309, 218, 1309]
[1, 37, 1309]
[1, 8, 569, 83, 381, 9, 2, 12, 1309, 2, 26, 23, 1309]
[1, 5, 22, 75, 48, 875, 1061, 9, 2, 26, 23, 1309]
[1, 5, 47, 22, 216, 1172, 1309, 1309, 294, 9, 303, 1309]
[1, 8, 387, 1309, 2, 15, 1309, 2, 347, 410, 1309, 2, 1058, 1309]
[1, 8, 7, 2, 15, 840, 1309, 2, 92, 68, 14, 1309]
[1, 10, 11, 459, 96, 7, 2, 15, 44, 1309, 2, 92, 68, 1309]
[1, 10, 11, 93, 7, 84, 897, 2, 129, 297, 1309, 2, 92, 68, 1309]
[1, 5, 6, 2, 265, 112, 1309, 2, 14, 421, 2, 15, 16, 2, 137, 1309]
[1, 5, 6, 2, 42, 2, 28, 15, 89, 542, 100, 1309, 2, 92, 68, 14, 1309]
[1, 5, 6, 2, 112, 1309, 2, 73, 14, 2, 28, 15, 89, 100, 1309, 2, 92, 68, 1309]
[1, 10, 11, 96, 7, 2, 28, 15, 862, 1309, 2, 254, 1309, 2, 92, 68, 14, 1309]
[1, 8, 7, 28, 192, 1309, 2, 347, 410, 1309]
[1, 8, 7, 2, 15, 53, 1309, 1040, 1309, 2, 4, 3, 1309]
[1, 10, 11, 461, 7, 2, 15, 457, 24, 2, 92, 68, 14, 1309]
[1, 8, 7, 2, 15, 192, 1309, 2, 347, 410, 1309]
[1, 5, 6, 2, 112, 9, 2, 26, 92, 68, 14, 1309]
[1, 8, 7, 2, 15, 53, 1309, 59, 592, 68, 14, 1309]
[1, 10, 11, 96, 7, 2, 15, 153, 9, 2, 592, 889, 14, 1309]
[1, 8, 387, 1309, 2, 12, 1309, 2, 347, 410, 1309]
[1, 10, 11, 301, 7, 2, 12, 112, 1309, 2, 73, 37, 863, 1309, 2, 14, 906, 220, 1309]
[1, 8, 107, 4, 3, 556, 1309]
[1, 5, 6, 2, 265, 112, 1309, 2, 160, 68, 14, 1309]
[1, 10, 132, 173, 1048, 1309, 2, 788, 31, 2, 12, 454, 2, 620, 33, 1111, 2, 160, 68, 14, 1309]
[1, 5, 42, 6, 2, 347, 410, 534, 421, 2, 12, 16, 139, 1309]
[1, 5, 6, 2, 265, 112, 1309, 2, 14, 421, 2, 12, 16, 139, 1309]
[1, 8, 107, 4, 3, 556, 1309]
[1, 10, 11, 281, 39, 242, 1309, 2, 14, 31, 2, 12, 509, 2, 138, 33, 107, 2, 14, 1309]
[1, 24, 2, 535, 1309, 689, 196, 1309, 8, 7, 305, 357, 1309, 360, 1309]
[1, 8, 7, 2, 12, 192, 1309, 2, 347, 14, 1309]
[1, 10, 11, 301, 7, 2, 12, 112, 1309, 2, 265, 37, 863, 1309, 2, 220, 14, 1309]
[1, 8, 7, 2, 12, 827, 1309, 2, 160, 68, 14, 1309]
[1, 8, 7, 2, 12, 192, 1309, 449, 59, 592, 1309, 26, 1309]
[1, 8, 7, 2, 12, 192, 1309, 682, 2, 160, 785, 1309]
[1, 10, 11, 281, 39, 242, 1309, 2, 14, 31, 2, 49, 799, 59, 1120, 1051, 1309]
[1, 5, 28, 75, 6, 851, 1309, 2, 92, 68, 14, 1309]
[1, 5, 256, 7, 63, 108, 514, 1309, 2, 92, 68, 1309]
[1, 10, 11, 93, 48, 63, 108, 416, 201, 200, 1309, 201, 537, 1309]
[1, 10, 11, 213, 95, 63, 108, 89, 1309, 2, 21, 1309]
[1, 5, 256, 7, 63, 108, 514, 205, 1204, 1309, 9, 1309, 459, 1309, 37, 93, 1309, 24, 201, 537, 1309]
[1, 5, 1218, 518, 7, 63, 108, 909, 24, 2, 92, 68, 14, 1309]
[1, 10, 11, 213, 95, 63, 108, 89, 1309, 2, 21, 1309]
[1, 5, 14, 7, 63, 108, 764, 1309, 147, 53, 1309, 1309, 939, 1128, 1309, 912, 1038, 1309, 1309]
[1, 10, 11, 200, 1190, 95, 63, 108, 48, 24, 201, 537, 1309]
[1, 5, 256, 7, 63, 108, 514, 24, 2, 689, 196, 1309]
[1, 10, 11, 213, 48, 63, 108, 89, 1309, 2, 317, 31, 1309, 1122, 201, 202, 24, 2, 92, 68, 14, 1309]
[1, 8, 737, 1309, 313, 202, 1309, 2, 92, 68, 14, 1309]
[1, 10, 217, 6, 45, 20, 31, 1309, 89, 1309, 4, 3, 1309, 1309]
[1, 8, 687, 78, 2, 234, 9, 610, 2, 456, 94, 1309, 53, 1309, 1309, 4, 3, 1309]
[1, 10, 217, 6, 55, 52, 31, 1309, 89, 1309, 4, 3, 76, 1309]
[1, 5, 984, 145, 55, 52, 522, 44, 1309, 2, 12, 674, 1309]
[1, 1309, 541, 443, 397, 1309, 171, 462, 16, 425, 409, 1309]
[1, 8, 7, 55, 52, 53, 9, 1309, 4, 3, 76, 1309]
[1, 5, 42, 6, 2, 534, 1309, 4, 3, 76, 1309]
[1, 8, 1309, 2, 425, 409, 9, 2, 12, 1309]
[1, 10, 217, 6, 52, 24, 201, 4, 3, 76, 449, 1309]
[1, 8, 95, 2, 234, 1309, 610, 2, 456, 752, 477, 1309, 1050, 4, 3, 14, 1309]
[1, 10, 11, 143, 95, 20, 89, 9, 33, 835, 2, 4, 3, 1309, 639, 1309, 6, 1309, 59, 42, 1309]
[1, 45, 20, 467, 10, 11, 607, 143, 1309, 2, 4, 3, 1309]
[1, 8, 1309, 2, 456, 94, 1309, 53, 1309, 1309, 4, 3, 1309]
[1, 100, 1309, 20, 1309, 8, 6, 2, 456, 94, 1309, 53, 1309, 1309, 4, 3, 1309]
[1, 18, 4, 3, 7, 52, 449, 1309, 1309, 213, 217, 1309]
[1, 8, 6, 2, 85, 94, 1309, 152, 47, 143, 1309, 508, 349, 35, 4, 3, 1309]
[1, 10, 217, 6, 20, 31, 1309, 89, 4, 3, 1309, 1309]
[1, 1309, 1309, 1309, 1309, 1309, 1309, 1309]
[1, 55, 52, 1309, 55, 52, 1309, 52, 1309, 52, 1309]
[1, 271, 1309, 271, 1309, 271, 1309]
[1, 128, 1309, 128, 1309, 128, 1309]
[1, 1309, 1309, 1309, 1309, 1309, 1309]
[1, 1309, 213, 16, 1309, 401, 1309, 1309, 213, 16, 1309, 401, 1309, 1309, 213, 1309]
[1, 36, 27, 1309, 36, 27, 1309, 27, 1309]
[1, 20, 1309, 20, 1309, 20, 1309]
[1, 19, 1309, 19, 1309, 19, 1309]
[1, 1309, 1309, 1309, 1309, 1309, 1309]
[1, 94, 1309, 1064, 1309, 94, 1309]
[1, 271, 1309, 271, 1309, 271, 1309]
[1, 128, 1309, 128, 1309, 128, 1309]
[1, 36, 27, 1309, 36, 27, 1309, 27, 1309]
[1, 128, 1309]
[1, 10, 217, 6, 19, 1309, 4, 3, 1309, 1309]
[1, 5, 6, 2, 1209, 1109, 421, 19, 16, 20, 1309, 4, 3, 1309, 1309]
[1, 1309, 5, 4, 3, 7, 288, 53, 1309]
[1, 5, 42, 7, 288, 53, 9, 1309, 4, 3, 1309, 1309]
[1, 5, 144, 7, 288, 53, 1309, 4, 3, 1309, 1309]
[1, 8, 6, 808, 1309, 124, 1309, 4, 3, 823, 1309]
[1, 5, 42, 7, 124, 53, 9, 1309, 4, 3, 953, 1309]
[1, 5, 144, 7, 288, 53, 1309, 4, 3, 1309, 1309]
[1, 8, 7, 124, 152, 2, 121, 1309, 110, 4, 3, 823, 1309]
[1, 8, 6, 2, 15, 302, 219, 9, 2, 26, 23, 1309]
[1, 5, 4, 3, 7, 288, 53, 1309, 1309, 1309, 75, 1309]
[1, 8, 1150, 1309, 2, 30, 1309, 13, 246, 1309, 135, 1309, 1309, 2, 26, 21, 23, 1309]
[1, 5, 1309, 2, 56, 1309, 2, 246, 131, 1309, 30, 1309, 13, 9, 2, 4, 3, 1309]
[1, 8, 1309, 2, 67, 1074, 1309, 2, 21, 1309]
[1, 5, 42, 7, 189, 133, 53, 9, 1309]
[1, 5, 144, 7, 189, 133, 53, 1309]
[1, 18, 75, 7, 2, 246, 715, 869, 24, 1309, 14, 1309, 2, 30, 1309, 13, 1309]
[1, 5, 144, 145, 133, 53, 9, 25, 2, 540, 1309]
[1, 5, 6, 131, 1309, 973, 2, 30, 1309, 13, 9, 4, 3, 1309, 1309]
[1, 18, 269, 48, 1309, 1308, 1309, 2, 246, 715, 1309, 927, 519, 1309, 1151, 1309, 67, 115, 1309]
[1, 5, 7, 2, 21, 1309, 1309, 2, 621, 67, 1309, 30, 1309, 13, 298, 2, 4, 3, 1309]
[1, 5, 676, 2, 29, 67, 1309, 30, 1309, 13, 1309]
[1, 1309, 252, 239, 246, 1309, 426, 252, 239, 246, 1309]
[1, 59, 588, 1309, 588, 1309, 588, 1309]
[1, 189, 133, 1309, 133, 1309]
[1, 745, 613, 1309, 745, 613, 1309, 613, 1309]
[1, 12, 1309, 2, 12, 1309, 12, 1309]
[1, 332, 1309, 332, 1309, 332, 1309]
[1, 539, 365, 1309, 2, 539, 365, 1309, 365, 1309]
[1, 176, 1309, 176, 1309, 176, 1309]
[1, 4, 3, 76, 1309, 4, 3, 76, 1309, 4, 3, 76, 1309]
[1, 4, 3, 76, 1309, 4, 3, 76, 1309, 4, 3, 76, 1309]
[1, 332, 1309, 332, 1309, 332, 1309]
[1, 539, 365, 1309, 2, 539, 365, 1309, 365, 1309]
[1, 176, 1309, 776, 176, 333, 1309, 176, 1309]
[1, 779, 176, 333, 1309, 776, 176, 1309, 176, 1309]
[1, 220, 139, 1309, 2, 220, 139, 1309, 139, 1309]
[1, 4, 3, 76, 1309, 4, 3, 76, 1309, 76, 1309]
[1, 698, 1309, 698, 1309, 176, 1309]
[1, 675, 1309, 675, 1309, 675, 1309]
[1, 600, 333, 25, 558, 670, 1309]
[1, 1309, 5, 142, 1309, 276, 7, 2, 15, 141, 1309]
[1, 1309, 5, 142, 1309, 276, 7, 2, 12, 141, 1309]
[1, 1309, 5, 43, 1309, 90, 7, 2, 15, 329, 1309]
[1, 1309, 5, 43, 1309, 90, 7, 2, 12, 329, 1309]
[1, 5, 438, 7, 2, 15, 329, 1309, 24, 4, 3, 1309, 1309]
[1, 1309]
[1, 64, 65, 90, 1309, 2, 17, 41, 90, 1309, 90, 1309]
[1, 17, 41, 193, 141, 276, 1309, 2, 17, 41, 193, 141, 276, 1309, 17, 41, 193, 1309]
[1, 123, 142, 1309, 1309, 123, 142, 1309, 123, 1309]
[1, 17, 41, 193, 141, 276, 1309, 2, 17, 41, 193, 141, 276, 1309, 17, 41, 193, 1309]
[1, 17, 41, 90, 1309]
[1, 60, 7, 2, 12, 141, 9, 2, 4, 3, 1309]
[1, 18, 438, 7, 2, 12, 289, 9, 4, 3, 1309, 1309]
[1, 1309, 2, 64, 65, 90, 1309, 64, 65, 90, 1309]
[1, 60, 6, 2, 141, 121, 2, 15, 131, 9, 2, 4, 3, 1309]
[1, 60, 438, 7, 2, 15, 329, 1309, 1309]
[1, 1309, 2, 17, 41, 90, 1309, 17, 41, 90, 1309]
[1, 60, 7, 2, 12, 141, 9, 2, 4, 3, 1309]
[1, 60, 7, 2, 12, 329, 1309, 9, 4, 3, 1309, 1309]
[1, 1309, 2, 64, 65, 90, 1309, 64, 65, 90, 1309]
[1, 31, 7, 2, 21, 450, 2, 1032, 1309, 1083, 203, 199, 1309, 691, 2, 4, 3, 1309]
[1, 5, 6, 2, 85, 4, 3, 980, 25, 203, 199, 1309]
[1, 8, 1309, 2, 21, 1309, 443, 397, 1309, 691, 16, 969, 1309]
[1, 5, 6, 2, 85, 4, 3, 1309, 289, 2, 886, 559, 1005, 1309]
[1, 8, 1309, 2, 150, 714, 1309, 2, 559, 448, 9, 1309]
[1, 1309, 5, 77, 6, 1309, 1063, 33, 1309, 203, 199, 147, 1309, 131, 1309, 2, 56, 1309, 2, 264, 4, 3, 1309]
[1, 18, 4, 3, 1309, 110, 2, 264, 35, 1309, 212, 765, 44, 203, 199, 1309, 2, 767, 783, 1309]
[1, 1309, 203, 199, 39, 131, 1309, 2, 1036, 1309, 2, 264, 4, 3, 1309, 18, 35, 147, 44, 240, 131, 1309]
[1, 5, 114, 368, 2, 789, 1309, 2, 4, 3, 1309, 559, 1309]
[1, 31, 7, 2, 21, 450, 33, 1309, 147, 305, 289, 203, 789, 1309, 729, 2, 4, 3, 106, 1309]
[1, 1127, 349, 203, 199, 1309, 5, 7, 2, 21, 617, 1309, 289, 1309]
[1, 5, 1309, 2, 203, 642, 9, 1309, 1309]
[1, 990, 558, 1309, 5, 114, 6, 131, 9, 2, 106, 1309, 1309]
[1, 31, 212, 203, 199, 1309, 131, 783, 1309, 1304, 2, 4, 3, 106, 1309]
[1, 1309, 4, 3, 1309, 1309, 4, 3, 1309, 1309]
[1, 385, 1309, 385, 199, 1309, 385, 1309]
[1, 1309, 1309]
[1, 5, 114, 6, 714, 1309, 930, 1244, 1309, 4, 3, 1309, 1309]
[1, 31, 7, 272, 882, 16, 867, 499, 1309, 900, 1197, 1014, 1309]
[1, 5, 378, 1010, 1309, 2, 67, 6, 1193, 50, 1309]
[1, 5, 114, 6, 131, 1309, 807, 2, 576, 318, 1309, 30, 1309, 13, 9, 2, 23, 437, 1309, 1309, 2, 4, 3, 1309, 14, 1309]
[1, 5, 114, 39, 2, 495, 1079, 230, 1309, 1309, 1305, 1309, 831, 710, 1309, 437, 1309, 1309, 4, 3, 1309, 1309]
[1, 856, 1309, 2, 50, 470, 1309, 5, 6, 4, 3, 1309, 1123, 1309, 1309]
[1, 5, 6, 198, 1309, 831, 710, 60, 423, 1097, 712, 1309, 1309, 53, 1309, 219, 1309, 1309, 4, 3, 1309]
[1, 5, 378, 318, 6, 1309, 50, 114, 9, 360, 143, 24, 2, 23, 1309]
[1, 515, 229, 6, 2, 264, 35, 1309, 5, 6, 2, 470, 114, 9, 2, 4, 3, 1309]
[1, 1309, 5, 235, 7, 2, 21, 361, 152, 121, 1309]
[1, 1309, 5, 43, 1309, 2, 195, 71, 290, 1309]
[1, 8, 1309, 2, 399, 1309, 17, 54, 1309]
[1, 8, 1309, 2, 43, 1069, 1309, 17, 54, 1309]
[1, 31, 6, 2, 103, 1309, 1309, 4, 3, 43, 1309, 1309]
[1, 10, 11, 474, 39, 872, 1309, 1309, 1309, 2, 607, 1116, 493, 24, 2, 135, 100, 1309, 4, 3, 1309, 1309, 2, 43, 1309, 6, 78, 1309, 1309]
[1, 8, 6, 2, 399, 1309, 17, 54, 24, 4, 3, 1309, 1309]
[1, 18, 1098, 6, 2, 21, 361, 78, 1309, 9, 4, 3, 1309, 1309]
[1, 5, 6, 2, 56, 1309, 2, 315, 1309, 2, 2, 971, 33, 6, 78, 100, 1309, 4, 3, 1309, 1309, 511, 32, 625, 812, 1309, 2, 725, 33, 17, 54, 95, 1309, 978, 1309]
[1, 60, 6, 2, 21, 361, 78, 9, 2, 26, 23, 1309]
[1, 5, 754, 1309, 346, 1287, 1309, 2, 189, 665, 649, 1309]
[1, 8, 1309, 2, 399, 1309, 17, 54, 1309]
[1, 5, 171, 651, 1041, 658, 1309, 189, 665, 649, 1309, 346, 1309]
[1, 10, 11, 474, 368, 925, 1309, 1012, 189, 665, 649, 24, 2, 135, 1309, 2, 4, 3, 1309]
[1, 8, 572, 2, 1089, 1309, 2, 86, 147, 44, 1309, 1000, 1309]
[1, 10, 132, 7, 17, 54, 153, 9, 1254, 1158, 9, 2, 4, 3, 1309]
[1, 1309, 1309, 1309, 1309, 1309, 34, 1309]
[1, 2, 802, 21, 361, 1309, 2, 802, 21, 361, 1309, 21, 361, 1309]
[1, 64, 65, 142, 1309, 64, 65, 142, 1309, 64, 65, 142, 1309]
[1, 1309, 1309, 34, 1309, 1309, 1309, 34, 1309, 1309, 1309, 34, 1309]
[1, 1309, 135, 1309, 1309, 135, 1309, 135, 1309]
[1, 1309, 1309, 34, 1309, 1309, 1309, 34, 1309, 1309, 1309, 34, 1309]
[1, 646, 821, 1309, 646, 1309, 646, 1309]
[1, 43, 244, 1309, 2, 43, 244, 1309, 43, 244, 1309]
[1, 655, 67, 1309, 655, 67, 1309, 64, 65, 760, 71, 1309]
[1, 1309, 599, 688, 1309, 1309, 599, 688, 1309, 599, 688, 1309]
[1, 43, 244, 1309, 2, 43, 244, 1309, 43, 244, 1309]
[1, 1309, 1309, 34, 1309, 1309, 1309, 34, 1309, 1309, 1309, 34, 1309]
[1, 43, 244, 1309, 2, 43, 244, 1309, 43, 244, 1309]
[1, 295, 1309, 161, 1309, 1309, 127, 1309, 295, 1309]
[1, 267, 1309, 267, 476, 100, 1309, 2, 14, 1309, 267, 1309]
[1, 177, 71, 1309, 177, 71, 1309, 177, 71, 1309]
[1, 17, 41, 1309, 17, 41, 1309, 17, 41, 1309]
[1, 1309, 864, 1309, 5, 1189, 6, 677, 1309, 4, 3, 103, 120, 1309]
[1, 1309]
[1, 267, 1309, 267, 476, 100, 1309, 2, 14, 1309, 267, 1309]
[1, 295, 1309, 295, 1309, 295, 1309]
[1, 4, 3, 103, 120, 1309, 4, 3, 103, 120, 1309, 4, 3, 103, 120, 1309]
[1, 5, 1309, 2, 56, 1309, 2, 954, 60, 2, 157, 315, 6, 78, 9, 4, 3, 1309, 1309]
[1, 5, 43, 6, 2, 157, 315, 78, 9, 4, 3, 1309, 1309]
[1, 1309]
[1, 2, 267, 476, 100, 1309, 2, 14, 1309, 267, 476, 100, 1309, 2, 14, 1309, 267, 1309]
[1, 4, 3, 103, 120, 1309]
[1, 1309]
[1, 177, 71, 1309, 17, 41, 1309]
[1, 5, 864, 6, 131, 9, 75, 1027, 1309]
[1, 1309, 2, 116, 236, 238, 1309, 116, 236, 238, 1309]
[1, 5, 81, 6, 4, 3, 1309, 157, 81, 992, 1309, 1309]
[1, 5, 6, 157, 81, 319, 9, 4, 3, 1309, 1309]
[1, 1309, 4, 3, 103, 120, 1309, 4, 3, 103, 120, 1309]
[1, 177, 71, 1309, 17, 41, 1309]
[1, 5, 238, 48, 1309, 1076, 1309, 1309, 1309, 2, 4, 3, 103, 120, 1309]
[1, 1309, 2, 116, 236, 1309, 116, 236, 238, 1309]
[1, 5, 344, 6, 4, 3, 103, 120, 78, 1309]
[1, 5, 1309, 2, 56, 1309, 2, 786, 33, 1086, 915, 703, 1309, 266, 465, 1309]
[1, 10, 132, 222, 95, 240, 584, 1309, 2, 109, 183, 1309]
[1, 5, 623, 69, 6, 1309, 4, 3, 597, 1309]
[1, 5, 1020, 69, 6, 1309, 4, 3, 597, 1309]
[1, 5, 974, 69, 6, 1309, 4, 3, 597, 1309]
[1, 18, 183, 454, 1309, 1013, 1309, 1203, 465, 1248, 1309, 474, 1309, 8, 368, 985, 1309, 1181, 1309, 1309, 152, 518, 1309, 492, 122, 651, 25, 4, 3, 1309, 1309]
[1, 10, 132, 222, 7, 2, 183, 637, 1309]
[1, 10, 7, 2, 183, 637, 2, 222, 1309]
[1, 5, 1309, 2, 4, 3, 786, 319, 33, 1043, 266, 465, 122, 946, 9, 2, 4, 3, 1309]
[1, 5, 1309, 2, 56, 1309, 2, 299, 33, 1280, 266, 798, 492, 1265, 25, 2, 4, 3, 1309]
[1, 605, 1309, 2, 666, 1309, 10, 132, 222, 7, 2, 109, 183, 637, 1309]
[1, 5, 566, 1309, 222, 584, 1309, 2, 109, 183, 212, 1309, 131, 9, 629, 616, 1309]
[1, 5, 1309, 2, 56, 1309, 2, 109, 183, 1309, 629, 949, 1309]
[1, 5, 566, 1309, 861, 39, 198, 1309, 629, 861, 1309, 616, 1309, 16, 772, 17, 54, 1309]
[1, 5, 6, 2, 56, 1309, 2, 125, 894, 1309, 511, 25, 1115, 1309, 2, 805, 1309]
[1, 2, 4, 3, 1309, 109, 183, 572, 1309, 147, 1309, 2, 101, 5, 551, 1309]
[1, 10, 11, 212, 2, 109, 183, 1071, 1309, 266, 1135, 1309]
[1, 5, 1309, 2, 56, 1309, 2, 125, 33, 1219, 1309, 795, 1309, 805, 16, 1170, 1274, 1309]
[1, 5, 566, 1309, 222, 584, 6, 928, 9, 616, 1309, 2, 17, 54, 86, 1309]
[1, 5, 6, 2, 56, 1309, 2, 703, 1309, 704, 1068, 9, 795, 1187, 16, 130, 725, 1309]
[1, 8, 1309, 2, 150, 198, 1309, 2, 4, 3, 372, 448, 9, 1309]
[1, 2, 1309, 1309, 1309, 198, 1309, 2, 4, 3, 534, 1309, 707, 25, 10, 11, 940, 1309, 50, 1309]
[1, 5, 212, 2, 1309, 1309, 1309, 198, 1309, 2, 4, 3, 534, 1162, 1309, 1084, 1309]
[1, 8, 744, 2, 1309, 1309, 1309, 1309]
[1, 8, 744, 2, 211, 158, 150, 1309]
[1, 5, 1309, 2, 56, 1309, 2, 150, 198, 1309, 1042, 8, 446, 1309, 2, 1275, 42, 1309, 1309, 4, 3, 1309]
[1, 5, 212, 2, 106, 1309, 1309, 1309, 1309, 707, 25, 1309]
[1, 8, 1309, 2, 1023, 1309, 2, 1309, 1309, 1309, 1309]
[1, 5, 1309, 2, 56, 1309, 2, 150, 33, 360, 4, 3, 1235, 1184, 1309]
[1, 8, 1243, 846, 2, 1309, 1309, 1309, 1309, 1284, 1309, 2, 150, 1309]
[1, 1309, 5, 571, 284, 452, 1309, 226, 1257, 570, 2, 14, 1309]
[1, 8, 1309, 25, 208, 513, 1309, 6, 1309, 850, 1309, 2, 14, 1309, 388, 151, 42, 1309]
[1, 8, 739, 272, 722, 25, 442, 419, 1309]
[1, 10, 11, 274, 7, 685, 472, 1129, 1309]
[1, 5, 6, 2, 545, 1309, 2, 274, 131, 1309, 2, 685, 472, 1250, 1309]
[1, 10, 11, 607, 1309, 1167, 368, 248, 1309, 1309, 2, 1267, 841, 1309, 31, 1309, 1067, 1309, 1133, 21, 493, 1309]
[1, 60, 6, 308, 320, 829, 205, 24, 2, 4, 3, 1309, 14, 1309]
[1, 29, 274, 39, 1296, 9, 2, 14, 1309, 5, 1220, 1309, 1269, 1309, 464, 705, 622, 1309]
[1, 5, 545, 39, 2, 274, 1288, 1309, 9, 2, 14, 1309]
[1, 60, 6, 442, 419, 290, 639, 829, 24, 2, 14, 1309]
[1, 18, 571, 273, 227, 2, 4, 3, 1309]
[1, 10, 11, 151, 571, 841, 145, 2, 21, 44, 1309]
[1, 5, 273, 227, 4, 3, 1309, 1309]
[1, 8, 39, 2, 661, 1309, 4, 3, 1309, 1309]
[1, 8, 39, 2, 4, 3, 1309, 272, 661, 1309]
[1, 5, 545, 39, 2, 685, 274, 877, 1309, 1309]
[1, 5, 6, 1145, 1309, 1087, 9, 4, 3, 1309, 1309]
[1, 18, 273, 151, 2, 14, 1309, 280, 1309]
[1, 8, 874, 1309, 2, 272, 9, 98, 99, 1309]
[1, 8, 777, 1207, 627, 1155, 496, 510, 1309]
[1, 1309, 5, 344, 7, 98, 99, 450, 59, 965, 25, 40, 16, 2, 21, 1309]
[1, 1309, 5, 307, 7, 98, 99, 151, 2, 14, 1309]
[1, 18, 1309, 273, 582, 4, 3, 1309, 1309, 280, 1309]
[1, 8, 1192, 151, 2, 14, 1309, 280, 110, 1293, 1309, 1200, 25, 2, 21, 16, 40, 1309]
[1, 8, 6, 2, 272, 873, 9, 98, 99, 1309]
[1, 1309, 55, 249, 1309, 249, 1309]
[1, 98, 99, 1309, 98, 99, 1309, 98, 99, 1309]
[1, 375, 165, 16, 496, 510, 1309, 375, 165, 16, 496, 510, 1309, 375, 165, 16, 496, 510, 1309]
[1, 55, 249, 1309]
[1, 5, 299, 7, 210, 439, 837, 1309, 289, 1309, 484, 2, 14, 1309, 59, 678, 1309]
[1, 1309]
[1, 339, 1309, 339, 1309, 339, 1309]
[1, 392, 1309, 392, 1309, 880, 1309]
[1, 337, 35, 1309, 337, 35, 1309, 337, 35, 1309]
[1, 1309, 1309, 1309, 1309, 1309, 1309]
[1, 392, 1309, 392, 1309, 392, 1309]
[1, 337, 35, 1309, 337, 35, 1309, 337, 1309]
[1, 210, 734, 439, 1309, 210, 1309, 210, 1309]
[1, 21, 285, 299, 1309, 2, 40, 341, 859, 1309, 21, 1309]
[1, 210, 1309, 210, 1309, 210, 1309]
[1, 21, 285, 299, 1309]
[1, 5, 7, 40, 705, 1309, 2, 4, 3, 1309, 151, 9, 791, 723, 1309, 812, 859, 16, 157, 216, 1309]
[1, 5, 1213, 1295, 48, 2, 490, 492, 9, 2, 4, 3, 1309, 1309, 306, 1309, 678, 1309]
[1, 60, 6, 2, 98, 99, 280, 619, 1309, 4, 3, 1309, 801, 1309]
[1, 1309, 603, 339, 1309, 339, 1309]
[1, 2, 46, 32, 25, 257, 232, 1309, 2, 46, 32, 25, 257, 232, 1309, 46, 32, 25, 257, 232, 1309]
[1, 2, 46, 46, 32, 25, 126, 262, 1309, 2, 46, 46, 32, 25, 126, 262, 1309, 46, 46, 32, 25, 126, 262, 1309]
[1, 2, 46, 32, 25, 257, 232, 1309, 2, 46, 32, 25, 257, 232, 1309, 232, 1309]
[1, 2, 46, 46, 32, 25, 126, 262, 1309, 2, 46, 46, 32, 25, 126, 262, 1309, 46, 46, 32, 25, 126, 262, 1309]
[1, 2, 46, 32, 25, 257, 232, 1309, 2, 46, 32, 25, 257, 232, 1309, 46, 32, 25, 257, 232, 1309]
[1, 46, 266, 417, 1309, 46, 266, 417, 1309, 46, 266, 417, 1309]
[1, 2, 46, 46, 32, 25, 126, 262, 1309]
[1, 1309]
[1, 1309, 369, 1309, 1309, 369, 1309, 1309, 369, 1309, 1309]
[1, 168, 167, 1309, 168, 167, 1309, 168, 167, 1309]
[1, 156, 1309, 156, 1309, 156, 1309]
[1, 618, 1309, 2, 618, 1309, 618, 1309]
[1, 1309, 369, 1309, 1309, 369, 1309, 1309, 369, 1309]
[1, 168, 167, 1309, 168, 167, 1309, 168, 167, 1309]
[1, 156, 1309, 156, 1309, 156, 1309]
[1, 544, 1309, 544, 1309, 544, 1309]
[1, 2, 536, 69, 1309, 2, 536, 69, 1309, 2, 536, 69, 1309]
[1, 168, 167, 1309, 168, 167, 1309, 168, 167, 1309]
[1, 156, 1309, 156, 1309, 156, 1309]
[1, 168, 167, 1309, 168, 167, 1309, 168, 167, 1309]
[1, 156, 1309, 156, 1309, 156, 1309]
[1, 532, 2, 4, 3, 1309, 532, 2, 4, 3, 1309, 532, 2, 4, 3, 1309]
[1, 1309, 505, 122, 440, 14, 1309, 1309, 505, 122, 440, 14, 1309, 505, 122, 440, 14, 1309]
[1, 136, 146, 134, 1309, 136, 146, 134, 1309, 136, 146, 134, 1309]
[1, 362, 1309, 362, 1309, 362, 1309]
[1, 224, 1309, 224, 1309, 224, 1309]
[1, 136, 146, 134, 1309, 136, 146, 134, 1309, 136, 146, 134, 1309]
[1, 224, 1309, 224, 1309, 224, 1309]
[1, 223, 1309]
[1, 18, 69, 48, 1309, 204, 227, 9, 331, 1309, 1309, 943, 1309, 2, 223, 233, 1309]
[1, 10, 11, 465, 39, 518, 1309, 2, 223, 233, 1309]
[1, 5, 69, 48, 1309, 233, 1309, 449, 1309, 331, 4, 3, 204, 1309]
[1, 1309, 223, 1309, 223, 1309]
[1, 136, 146, 134, 1309, 136, 146, 134, 1309, 136, 146, 134, 1309]
[1, 314, 326, 1309, 314, 326, 1309, 314, 326, 1309]
[1, 336, 1309, 376, 1309, 336, 1309, 376, 1309, 336, 1309, 376, 1309, 1309]
[1, 340, 384, 363, 355, 1309, 230, 1309, 2, 400, 1309, 340, 384, 363, 355, 1309, 230, 1309, 2, 400, 1309, 340, 384, 363, 355, 1309, 230, 1309, 2, 400, 1309]
[1, 479, 1309, 479, 1309, 479, 1309]
[1, 336, 1309, 376, 1309, 336, 1309, 376, 1309, 336, 1309, 376, 1309]
[1, 340, 384, 363, 355, 1309, 230, 1309, 2, 400, 1309, 340, 384, 363, 355, 1309, 230, 1309, 2, 400, 1309, 340, 384, 363, 355, 1309]
[1, 314, 326, 1309, 314, 326, 1309, 314, 326, 1309]
[1, 549, 309, 1309, 585, 586, 1309, 549, 309, 1309, 585, 586, 1309, 549, 309, 1309, 585, 586, 1309]
[1, 466, 81, 1309, 466, 81, 1309, 466, 81, 1309, 479, 1309]
[1, 455, 1309, 455, 1309, 455, 1309]
[1, 104, 1309, 104, 1309, 699, 1309]
[1, 187, 35, 1309, 187, 35, 1309, 187, 35, 1309]
[1, 178, 179, 1309, 178, 179, 1309, 178, 179, 1309]
[1, 208, 327, 1309, 208, 327, 1309, 1309]
[1, 740, 25, 451, 412, 1309, 8, 774, 1309, 1309, 114, 587, 9, 2, 119, 151, 1309]
[1, 8, 739, 272, 1281, 722, 25, 422, 433, 1309]
[1, 10, 11, 114, 702, 39, 1225, 25, 4, 3, 1309, 1309]
[1, 8, 533, 2, 14, 310, 9, 4, 3, 1309, 1309]
[1, 8, 212, 485, 2, 14, 806, 360, 1309, 390, 309, 1309]
[1, 8, 1309, 2, 310, 834, 9, 2, 14, 1309]
[1, 8, 676, 2, 58, 427, 1309]
[1, 8, 6, 2, 834, 9, 187, 35, 1309, 4, 3, 1309, 427, 1309]
[1, 8, 39, 2, 187, 35, 114, 702, 1309]
[1, 8, 39, 2, 187, 35, 272, 661, 1309]
[1, 5, 7, 208, 327, 797, 1309]
[1, 1309, 58, 1309, 955, 2, 664, 16, 58, 427, 1309]
[1, 390, 309, 1309, 390, 309, 1309, 390, 309, 1309]
[1, 325, 1309, 325, 1309, 325, 1309]
[1, 406, 431, 1309, 516, 1309, 507, 1309, 1309, 16, 325, 1309, 500, 1309, 1309, 1309, 406, 431, 1309]
[1, 386, 1309, 1309, 386, 1309, 1309, 1309, 386, 1309, 1309, 1309]
[1, 630, 1309, 379, 28, 1309, 630, 1309, 630, 1309, 379, 28, 1309]
[1, 359, 382, 1309, 359, 382, 1309, 359, 382, 1309]
[1, 406, 431, 1309, 406, 431, 1309, 406, 431, 1309]
[1, 1309, 546, 1309, 1309, 546, 1309, 1309, 546, 1309]
[1, 312, 1309, 312, 1309, 386, 1309, 1309, 1309, 312, 1309, 386, 1309, 1309, 1309]
[1, 359, 382, 1309, 359, 382, 1309, 359, 382, 1309]
[1, 516, 1309, 507, 1309, 1309, 16, 325, 1309, 500, 1309, 1309, 1309, 516, 1309, 507, 1309, 1309, 16, 325, 1309, 500, 1309, 1309, 1309, 516, 1309, 507, 1309, 1309, 16, 325, 1309, 500, 1309, 1309, 1309]
[1, 654, 1309, 1252, 1309, 1309, 1309, 312, 1309, 386, 1309, 1309, 1309, 654, 1309]
[1, 293, 119, 1309, 1309, 119, 1309, 414, 1309, 293, 119, 1309, 414, 1309]
[1, 1309, 414, 341, 594, 1309, 1309, 414, 341, 594, 1309, 1309, 414, 341, 594, 1309]
[1, 538, 489, 1309, 538, 489, 1309, 538, 489, 1309]
[1, 293, 1309, 293, 1309, 293, 1309]
[1, 324, 487, 1309, 324, 487, 1309, 324, 487, 1309]
[1, 520, 358, 1309, 520, 358, 1309, 358, 1309]
[1, 775, 634, 1309, 775, 634, 1309, 634, 1309]
[1, 45, 20, 1309, 45, 20, 1309, 20, 1309]
[1, 444, 1309, 444, 1309, 444, 1309]
[1, 45, 20, 1309, 45, 20, 1309, 20, 1309]
[1, 1309, 1309, 1309, 1309, 1309, 1309]
[1, 45, 20, 1309, 45, 20, 1309, 20, 1309]
[1, 354, 165, 1309, 354, 165, 1309, 165, 1309]
[1, 1309, 1309, 1309, 1309, 1309, 1309]
[1, 1309, 1309, 1309, 1309, 1309, 1309]
[1, 520, 358, 1309, 520, 358, 1309, 358, 1309]
[1, 45, 20, 1309, 45, 20, 1309, 20, 1309]
[1, 354, 165, 1309, 354, 165, 1309, 354, 165, 1309]
[1, 79, 1309, 79, 1309, 79, 1309]
[1, 2, 162, 188, 1309, 2, 162, 188, 1309, 162, 188, 1309]
[1, 662, 393, 1309, 662, 393, 1309, 662, 393, 1309]
[1, 2, 162, 188, 1309, 2, 162, 188, 1309, 162, 188, 1309]
[1, 226, 411, 307, 1309, 226, 411, 307, 1309, 226, 411, 307, 1309]
[1, 182, 180, 1309, 182, 180, 1309, 182, 180, 1309]
[1, 190, 181, 1309, 190, 181, 1309, 190, 181, 1309]
[1, 182, 180, 1309, 182, 180, 1309, 182, 180, 1309]
[1, 190, 181, 1309, 190, 181, 1309, 190, 181, 1309]
[1, 182, 180, 1309, 182, 180, 1309, 182, 180, 1309]
[1, 79, 1309, 79, 1309, 79, 1309]
[1, 190, 181, 1309, 190, 181, 1309, 190, 181, 1309]
[1, 343, 1309, 1309, 343, 1309, 1309, 343, 1309, 1309]
[1, 418, 1309, 418, 1309, 418, 1309]
[1, 4, 3, 215, 1309, 4, 3, 215, 1309, 215, 1309]
[1, 1309, 278, 9, 2, 277, 1309, 1309, 278, 9, 2, 277, 1309, 278, 9, 2, 277, 1309]
[1, 4, 3, 185, 1309, 4, 3, 185, 1309, 185, 1309]
[1, 51, 1309]
[1, 5, 69, 577, 33, 70, 147, 936, 1309, 2, 4, 3, 1309, 58, 32, 1309]
[1, 5, 1107, 7, 51, 16, 70, 697, 1309, 9, 2, 4, 3, 1309, 58, 32, 1309]
[1, 8, 366, 2, 4, 3, 1309, 58, 32, 1309]
[1, 1309, 51, 1309, 51, 1309]
[1, 70, 1309, 70, 1309, 70, 1309]
[1, 278, 9, 2, 277, 1309, 278, 9, 2, 277, 1309, 72, 1309]
[1, 82, 72, 1309, 82, 72, 1309, 82, 72, 1309, 1309]
[1, 22, 1309, 22, 1309, 22, 1309]
[1, 696, 591, 1309, 696, 591, 1309, 591, 1309]
[1, 395, 338, 1309, 395, 338, 1309, 338, 1309]
[1, 148, 155, 1309, 148, 155, 1309, 155, 1309]
[1, 1309, 1309, 170, 1309, 1309, 1309, 170, 1309, 170, 1309]
[1, 1309, 1309, 1309, 1309, 778, 1309]
[1, 641, 483, 1309, 641, 483, 1309, 483, 1309]
[1, 148, 155, 1309, 148, 155, 1309, 155, 1309]
[1, 1309, 356, 1309]
[1, 18, 42, 48, 2, 85, 706, 1309]
[1, 8, 7, 45, 20, 781, 1309, 1309, 378, 138, 1309, 1309, 2, 103, 221, 1309]
[1, 18, 22, 75, 467, 2, 129, 1309, 2, 15, 1309, 378, 318, 1309]
[1, 8, 590, 2, 85, 301, 9, 22, 1309]
[1, 5, 7, 28, 840, 1309, 2, 103, 221, 33, 464, 48, 305, 718, 2, 824, 1249, 1309]
[1, 1309, 1309, 356, 1309, 356, 1309]
[1, 209, 251, 1309, 209, 251, 1309, 251, 1309]
[1, 38, 19, 1309, 38, 19, 1309, 19, 1309]
[1, 36, 27, 1309, 36, 27, 1309, 27, 1309]
[1, 287, 197, 1309, 287, 197, 1309, 197, 1309]
[1, 4, 3, 530, 1309, 4, 3, 530, 1309, 530, 1309]
[1, 481, 364, 1309, 481, 364, 1309, 364, 1309]
[1, 209, 251, 1309, 209, 251, 1309, 251, 1309]
[1, 36, 27, 1309, 36, 27, 1309, 27, 1309]
[1, 287, 197, 1309, 287, 197, 1309, 197, 1309]
[1, 394, 1309, 394, 1309, 394, 1309]
[1, 209, 251, 1309, 209, 251, 1309, 251, 1309]
[1, 36, 27, 1309, 36, 27, 1309, 27, 1309]
[1, 287, 197, 1309, 287, 197, 1309, 197, 1309]
[1, 4, 3, 530, 1309, 2, 166, 1309, 2, 394, 23, 1309, 394, 1309]
[1, 228, 88, 1309, 228, 88, 1309, 88, 1309]
[1, 574, 482, 1309, 574, 482, 1309, 482, 1309]
[1, 1309, 1309, 1309, 1309, 1309, 1309]
[1, 1309, 1309, 1309, 1309, 1309, 1309]
[1, 1309, 1309, 1309, 1309, 1309, 1309]
[1, 1309, 1309, 1309, 1309, 1309, 1309]
[1, 228, 88, 1309, 228, 88, 1309, 88, 1309]
[1, 644, 1309, 644, 1309, 644, 1309]
[1, 624, 502, 1309, 624, 502, 1309, 502, 1309]
[1, 1309, 1309, 1309, 1309, 1309, 1309]
[1, 228, 88, 1309, 228, 88, 1309, 88, 1309]
[1, 67, 115, 1309, 67, 115, 1309, 67, 115, 1309]
[1, 463, 88, 1309, 463, 88, 1309, 88, 1309]
[1, 66, 1309, 66, 1309, 66, 1309]
[1, 279, 206, 1309, 279, 206, 1309, 206, 1309]
[1, 19, 1309, 19, 1309, 19, 1309]
[1, 300, 243, 1309, 300, 243, 1309, 243, 1309]
[1, 209, 286, 1309, 209, 286, 1309, 286, 1309]
[1, 279, 206, 1309, 279, 206, 1309, 206, 1309]
[1, 1309, 1309, 1309, 1309, 1309, 1309]
[1, 300, 243, 1309, 300, 243, 1309, 243, 1309]
[1, 209, 286, 1309, 209, 286, 1309, 286, 1309]
[1, 554, 342, 1309, 554, 342, 1309, 88, 1309]
[1, 279, 206, 1309, 279, 206, 1309, 206, 1309]
[1, 598, 1309, 19, 6, 250, 1309, 250, 1309]
[1, 300, 243, 1309, 300, 243, 1309, 243, 1309]
[1, 255, 263, 430, 1309, 255, 263, 1309, 1309, 255, 263, 1309, 1309]
[1, 527, 323, 1309, 527, 323, 1309, 323, 1309]
[1, 1309, 1309, 1309, 1309, 1309, 1309]
[1, 155, 1309, 155, 1309, 155, 1309]
[1, 1309, 1309, 296, 1309, 1309, 1309, 296, 1309, 296, 1309]
[1, 255, 263, 430, 1309, 255, 263, 430, 1309, 255, 263, 1309, 1309]
[1, 2, 663, 1309, 2, 663, 1309, 663, 1309]
[1, 1309, 1309, 296, 1309]
[1, 8, 517, 296, 1309, 214, 1309]
[1, 8, 7, 19, 153, 1309, 138, 1309, 1309, 2, 668, 784, 446, 1309, 4, 3, 1309, 1309]
[1, 5, 378, 318, 7, 2, 12, 1238, 2, 15, 1309, 1309, 59, 85, 694, 221, 1309, 4, 3, 1309, 1309]
[1, 8, 631, 2, 115, 732, 1309, 1309, 67, 115, 555, 1309]
[1, 8, 759, 47, 436, 205, 20, 110, 2, 799, 28, 67, 115, 555, 1309]