[1, 22, 12, 1309, 22, 12, 1309, 22, 12, 1309]
[1, 28, 15, 1309, 28, 15, 1309, 28, 15, 1309]
[1, 64, 65, 1309, 245, 1309, 30, 1309, 13, 1309, 30, 1309, 13, 1309, 2, 17, 54, 149, 86, 1309, 64, 65, 1309, 245, 1309]
[1, 18, 21, 42, 107, 4, 3, 1309, 1309]
[1, 5, 114, 6, 131, 1309, 1185, 2, 264, 428, 1309, 2, 4, 3, 1309]
[1, 5, 6, 2, 470, 1309, 4, 3, 1309, 1309]
[1, 5, 81, 6, 2, 14, 89, 1309, 1309]
[1, 5, 1309, 2, 160, 283, 9, 1309]
[1, 5, 6, 2, 470, 1309, 4, 3, 1309, 1309]
[1, 5, 145, 160, 1237, 9, 1309]
[1, 5, 81, 6, 2, 4, 3, 89, 1309, 1309]
[1, 8, 107, 4, 3, 1309, 1309]
[1, 5, 235, 7, 4, 3, 1309, 152, 121, 1309, 1309]
[1, 5, 43, 7, 4, 3, 1309, 152, 121, 1309, 1309]
[1, 1309, 203, 199, 39, 131, 1309, 5, 147, 4, 3, 1309, 44, 240, 319, 1309]
[1, 4, 3, 1309, 717, 2, 21, 372, 9, 5, 23, 1309]
[1, 5, 77, 7, 2, 22, 12, 878, 1309, 4, 3, 767, 9, 2, 398, 173, 1309]
[1, 5, 43, 7, 4, 3, 1309, 152, 121, 1309, 1309]
[1, 5, 13, 7, 4, 3, 1309, 152, 121, 1309, 1309]
[1, 5, 6, 2, 265, 112, 1309, 4, 3, 1309, 1309]
[1, 5, 1102, 1309, 81, 16, 77, 7, 4, 3, 1309, 152, 121, 1309]
[1, 5, 77, 6, 4, 3, 1309, 1309]
[1, 5, 42, 6, 2, 160, 372, 1309]
[1, 5, 42, 6, 2, 92, 372, 1309]
[1, 8, 107, 4, 3, 1309, 1309]
[1, 4, 3, 1309, 1154, 2, 21, 372, 9, 5, 23, 1309]
[1, 18, 42, 107, 4, 3, 1309, 1309]
[1, 60, 6, 4, 3, 1309, 78, 1309]
[1, 1309, 30, 1309, 13, 1309, 30, 1309, 13, 1309]
[1, 4, 3, 1309, 4, 3, 1309, 4, 3, 1309]
[1, 22, 12, 1309, 22, 12, 1309, 22, 12, 1309]
[1, 38, 19, 1309, 38, 19, 1309, 38, 19, 1309]
[1, 1309, 1309, 207, 1309, 207, 1309]
[1, 330, 1309, 330, 1309, 330, 1309]
[1, 84, 74, 1309, 2, 84, 74, 1309, 84, 74, 1309]
[1, 29, 62, 49, 1309, 2, 29, 62, 49, 1309, 29, 62, 49, 1309]
[1, 84, 74, 1309, 2, 84, 74, 1309, 84, 74, 1309]
[1, 29, 62, 49, 1309, 2, 29, 62, 49, 1309, 29, 62, 49, 1309]
[1, 29, 62, 49, 1309, 2, 29, 62, 49, 1309, 29, 62, 49, 1309]
[1, 83, 1309, 83, 1309, 83, 1309]
[1, 38, 19, 1309, 38, 19, 1309, 38, 19, 1309]
[1, 460, 1309, 460, 1309, 460, 1309]
[1, 38, 19, 1309, 38, 19, 1309, 38, 19, 1309]
[1, 612, 1309, 612, 1309, 612, 1309]
[1, 1309, 1309, 83, 1309, 83, 1309]
[1, 29, 62, 49, 1309, 2, 29, 62, 49, 1309, 29, 62, 49, 1309]
[1, 38, 19, 1309, 38, 19, 1309, 38, 19, 1309]
[1, 84, 74, 1309, 2, 84, 74, 1309, 84, 74, 1309]
[1, 1309, 1309, 458, 1309, 458, 1309]
[1, 29, 62, 49, 1309, 2, 29, 62, 49, 1309, 29, 62, 49, 1309]
[1, 38, 19, 1309, 38, 19, 1309, 38, 19, 1309]
[1, 29, 62, 49, 1309, 2, 29, 62, 49, 1309, 29, 62, 49, 1309]
[1, 84, 74, 1309, 2, 84, 74, 1309, 84, 74, 1309]
[1, 38, 19, 1309, 38, 19, 1309, 38, 19, 1309]
[1, 84, 74, 1309, 2, 84, 74, 1309, 84, 74, 1309]
[1, 330, 1309]
[1, 8, 6, 2, 4, 3, 1309, 117, 1309]
[1, 10, 11, 381, 7, 36, 27, 457, 1309, 4, 3, 1309, 1309]
[1, 18, 42, 78, 2, 708, 388, 806, 2, 824, 14, 1309]
[1, 18, 22, 66, 6, 448, 4, 3, 117, 1309]
[1, 10, 11, 635, 275, 7, 36, 27, 407, 1309, 4, 3, 1309, 1309]
[1, 8, 6, 695, 1309, 22, 1309, 260, 1309]
[1, 10, 11, 93, 6, 38, 19, 250, 1309]
[1, 8, 107, 2, 4, 3, 117, 1309]
[1, 10, 11, 461, 7, 38, 19, 44, 1309]
[1, 10, 11, 381, 7, 36, 27, 457, 1309]
[1, 8, 6, 198, 2, 1186, 1141, 1309, 117, 9, 4, 3, 1309, 1309]
[1, 5, 144, 145, 36, 27, 53, 9, 2, 22, 12, 1309]
[1, 5, 6, 2, 106, 1309, 635, 275, 33, 36, 27, 48, 1309, 4, 3, 1309, 1309]
[1, 10, 11, 569, 381, 7, 36, 27, 44, 24, 2, 4, 3, 1309, 14, 1309]
[1, 8, 107, 2, 117, 9, 2, 4, 3, 1309]
[1, 10, 11, 275, 7, 36, 27, 153, 24, 2, 14, 1309]
[1, 10, 11, 93, 6, 38, 19, 250, 1309, 4, 3, 1309, 1309]
[1, 10, 11, 93, 7, 2, 22, 260, 457, 19, 813, 461, 1309]
[1, 18, 19, 1134, 1044, 1309, 113, 301, 9, 22, 1309]
[1, 8, 6, 2, 101, 367, 75, 1309, 4, 3, 1309, 1309]
[1, 5, 144, 145, 36, 27, 53, 1309]
[1, 10, 11, 93, 6, 2, 15, 1309, 94, 250, 1309]
[1, 10, 11, 93, 7, 2, 12, 1247, 461, 1309, 2, 14, 1309]
[1, 5, 22, 75, 503, 47, 381, 9, 2, 15, 1309]
[1, 10, 11, 275, 7, 36, 27, 987, 1309, 816, 1309, 2, 14, 1309]
[1, 18, 273, 582, 4, 3, 1309, 1309, 2, 918, 1309]
[1, 5, 6, 2, 488, 175, 9, 1309, 1309, 458, 204, 24, 4, 3, 1309, 1309]
[1, 18, 1030, 366, 2, 4, 3, 1309, 58, 32, 1309]
[1, 18, 794, 787, 2, 1166, 24, 2, 4, 3, 1309, 58, 32, 1309]
[1, 1309, 18, 4, 3, 7, 1136, 403, 2, 58, 32, 1309]
[1, 8, 6, 2, 962, 9, 4, 3, 1309, 1309, 2, 832, 1126, 1309]
[1, 5, 6, 2, 488, 175, 1309, 1309, 362, 204, 1309]
[1, 5, 58, 415, 687, 366, 4, 3, 215, 1309]
[1, 5, 58, 415, 687, 366, 4, 3, 185, 1309]
[1, 8, 6, 2, 749, 415, 1309, 229, 77, 1309, 58, 32, 1309]
[1, 18, 273, 582, 2, 264, 4, 3, 14, 1309]
[1, 5, 6, 2, 488, 175, 9, 1309, 1309, 1309, 713, 1309, 281, 24, 4, 3, 1309, 1309]
[1, 8, 6, 2, 1124, 931, 8, 1018, 1309, 1309, 833, 1152, 24, 4, 3, 1309, 1309]
[1, 5, 769, 145, 2, 4, 3, 1309, 58, 32, 44, 1309, 2, 1112, 1309, 101, 1095, 1309, 1031, 1309]
[1, 5, 284, 227, 2, 4, 3, 1309]
[1, 10, 132, 222, 7, 1309, 1230, 738, 204, 175, 1309]
[1, 5, 709, 366, 857, 24, 4, 3, 1309, 1309]
[1, 5, 47, 1297, 933, 230, 25, 51, 24, 2, 857, 32, 1309]
[1, 8, 151, 2, 4, 3, 1309, 1309, 1309]
[1, 8, 366, 2, 58, 32, 9, 4, 3, 1309, 1309]
[1, 8, 39, 833, 881, 9, 2, 4, 3, 58, 32, 1309]
[1, 18, 4, 3, 58, 32, 7, 70, 403, 1309]
[1, 5, 6, 2, 175, 9, 1309, 345, 738, 1309, 1309]
[1, 8, 388, 2, 4, 3, 1309, 58, 1053, 1309]
[1, 5, 130, 47, 800, 794, 39, 518, 1309, 2, 4, 3, 1309, 58, 1309]
[1, 5, 415, 388, 2, 4, 3, 185, 58, 32, 1309]
[1, 8, 6, 2, 21, 373, 1309, 494, 80, 1309]
[1, 18, 4, 3, 7, 154, 97, 950, 858, 1309]
[1, 1309, 5, 77, 7, 154, 97, 884, 4, 3, 1309, 1164, 615, 14, 9, 1309, 1309, 1309, 317, 1309, 1309]
[1, 8, 1309, 2, 373, 1309, 2, 162, 171, 317, 1309]
[1, 31, 7, 1309, 407, 2, 958, 1057, 858, 4, 3, 1309, 1309]
[1, 8, 6, 2, 373, 1309, 2, 21, 1309, 80, 1309]
[1, 8, 1309, 2, 373, 1309, 2, 21, 1309]
[1, 8, 1309, 2, 373, 1309, 2, 21, 1309]
[1, 1309, 494, 80, 1309, 97, 572, 33, 4, 3, 1309, 147, 1309, 5, 1309]
[1, 5, 35, 1199, 7, 2, 21, 373, 289, 1309, 1094, 5, 4, 3, 1309, 6, 1131, 1309, 1309, 1309]
[1, 5, 77, 7, 154, 97, 450, 33, 4, 3, 1309, 147, 1309, 1309, 615, 1309, 1309]
[1, 18, 1276, 235, 6, 35, 1309, 37, 248, 9, 4, 3, 1309, 1309]
[1, 18, 231, 235, 6, 35, 1309, 37, 248, 9, 4, 3, 1309, 1309]
[1, 18, 245, 235, 6, 35, 1309, 37, 248, 9, 4, 3, 1309, 1309]
[1, 5, 235, 1309, 164, 6, 1309, 961, 9, 2, 679, 1309, 4, 3, 1309, 1309]
[1, 5, 679, 1309, 290, 1309, 2, 17, 54, 149, 86, 1309]
[1, 5, 1309, 2, 56, 1309, 17, 54, 1309, 13, 31, 1262, 1309, 1309, 1309, 1039, 9, 4, 3, 1309, 1309]
[1, 1309]
[1, 174, 140, 1309, 174, 140, 1309, 174, 140, 1309]
[1, 61, 57, 13, 1309, 61, 57, 13, 1309, 61, 57, 13, 1309]
[1, 29, 111, 1309, 174, 140, 1309, 164, 1309, 61, 57, 13, 1309, 16, 2, 17, 54, 149, 86, 1309, 30, 1309, 13, 1309, 29, 111, 1309, 174, 140, 1309, 164, 1309, 61, 57, 13, 1309, 16, 2, 17, 54, 149, 86, 1309, 30, 1309, 13, 1309]
[1, 1309]
[1, 37, 1309, 37, 1309, 37, 1309]
[1, 29, 111, 1309, 29, 111, 1309, 29, 111, 1309, 1309]
[1, 61, 57, 13, 1309, 61, 57, 13, 1309, 61, 57, 13, 1309]
[1, 17, 54, 1309, 17, 54, 1309, 17, 54, 149, 86, 1309, 1309]
[1, 30, 1309, 13, 1309]
[1, 1309]
[1, 61, 57, 13, 1309, 61, 57, 13, 1309, 61, 57, 13, 1309]
[1, 174, 140, 1309, 174, 140, 1309, 174, 140, 1309, 1309]
[1, 30, 1309, 13, 1309]
[1, 1309]
[1, 253, 1309, 1309, 80, 1309, 253, 1309, 1309, 80, 1309, 1309, 253, 1309, 1309, 80, 1309]
[1, 1309, 1309, 1309, 1309, 1309, 1309]
[1, 4, 3, 491, 1309, 4, 3, 491, 1309, 291, 1309]
[1, 291, 1309, 291, 1309, 291, 1309]
[1, 194, 1309, 194, 1309, 194, 1309]
[1, 61, 57, 13, 1309, 61, 57, 13, 1309, 61, 57, 13, 1309]
[1, 253, 1309, 1309, 80, 1309, 253, 1309, 1309, 80, 1309, 253, 1309, 1309, 80, 1309, 1309]
[1, 123, 13, 1309, 123, 13, 1309, 123, 13, 1309]
[1, 105, 1309, 1309, 102, 1309, 105, 1309, 1309, 102, 1309, 105, 1309, 1309, 102, 1309]
[1, 291, 1309, 291, 1309, 291, 1309]
[1, 47, 1309, 1309, 1309, 1309, 1309]
[1, 4, 3, 491, 1309, 4, 3, 491, 1309, 291, 1309]
[1, 47, 1309, 47, 1309, 47, 1309]
[1, 231, 316, 1309, 2, 231, 316, 1309, 231, 316, 1309]
[1, 194, 1309, 194, 1309, 194, 1309]
[1, 29, 111, 1309, 29, 111, 1309, 29, 111, 1309]
[1, 253, 1309, 1309, 80, 1309, 253, 1309, 1309, 80, 1309, 253, 1309, 1309, 80, 1309, 1309]
[1, 1309, 1309]
[1, 5, 43, 1309, 1239, 25, 164, 9, 692, 2, 4, 3, 1309]
[1, 31, 6, 2, 73, 173, 17, 54, 237, 1309, 4, 3, 1309]
[1, 8, 717, 305, 1309, 1175, 1070, 9, 885, 1309, 61, 57, 13, 33, 2, 317, 920, 9, 557, 1309, 1309, 1309, 109, 4, 3, 1309, 1309]
[1, 31, 6, 30, 1309, 13, 860, 2, 963, 1309, 109, 4, 3, 1309, 1309]
[1, 8, 547, 1309, 2, 235, 9, 4, 3, 1309, 1309]
[1, 31, 7, 1223, 1309, 13, 486, 1309]
[1, 10, 132, 7, 1309, 175, 1309, 626, 30, 1309, 13, 1309]
[1, 5, 245, 43, 73, 237, 2, 4, 3, 1309]
[1, 60, 7, 2, 1195, 934, 1309, 2, 21, 434, 152, 121, 1309]
[1, 1309, 5, 344, 6, 4, 3, 1309, 198, 1309, 30, 1309, 13, 1309]
[1, 10, 132, 7, 1309, 175, 1309, 626, 30, 1309, 13, 1309]
[1, 100, 1309, 4, 3, 1309, 1309, 5, 6, 2, 73, 4, 3, 1309, 245, 1309]
[1, 1309, 5, 43, 7, 2, 73, 4, 3, 1309, 245, 1021, 1309]
[1, 5, 77, 7, 30, 1309, 13, 682, 1139, 1160, 1309, 109, 4, 3, 1309, 1309]
[1, 31, 7, 30, 1309, 13, 486, 1309, 2, 1117, 1309]
[1, 10, 132, 7, 1309, 175, 1309, 626, 2, 13, 60, 4, 3, 1309, 6, 89, 1309]
[1, 5, 77, 7, 1309, 4, 3, 53, 1309, 2, 149, 86, 772, 17, 54, 1309, 100, 1309, 4, 3, 1309, 1309]
[1, 18, 4, 3, 6, 237, 1309, 17, 268, 1309, 322, 1309]
[1, 31, 6, 17, 54, 547, 1309, 1309, 2, 645, 9, 4, 3, 1309, 1309]
[1, 31, 7, 30, 1309, 13, 486, 1309]
[1, 31, 6, 2, 73, 4, 3, 1309, 245, 1309]
[1, 60, 6, 2, 1179, 78, 31, 2, 21, 434, 547, 1309, 2, 645, 9, 4, 3, 1309, 1309]
[1, 31, 6, 30, 1309, 13, 445, 9, 4, 3, 1309, 1309]
[1, 31, 7, 30, 1309, 13, 486, 1309]
[1, 1309, 1309, 87, 1309, 87, 1309]
[1, 1309, 191, 172, 1309, 1309, 191, 172, 1309, 1309, 191, 172, 1309]
[1, 322, 1309]
[1, 8, 852, 911, 4, 3, 1309, 1072, 1309, 59, 101, 643, 4, 3, 1277, 100, 1309, 4, 3, 1309, 1309]
[1, 10, 11, 21, 143, 44, 847, 2, 118, 23, 25, 35, 681, 1309]
[1, 10, 11, 21, 143, 44, 1093, 669, 1309, 35, 23, 1309]
[1, 18, 42, 1309, 4, 3, 1309, 48, 1309, 669, 234, 1309]
[1, 5, 6, 2, 73, 4, 3, 2, 12, 761, 1309, 1309]
[1, 8, 6, 2, 302, 219, 1309, 2, 12, 1309, 4, 3, 185, 1309]
[1, 5, 6, 2, 106, 1309, 93, 2, 22, 12, 89, 1309, 1309, 4, 3, 1309, 2, 173, 464, 835, 4, 3, 1309, 1309]
[1, 10, 11, 21, 143, 44, 48, 490, 35, 681, 1309, 2, 166, 1309, 1309, 118, 23, 1309]
[1, 5, 6, 2, 85, 4, 3, 33, 2, 28, 15, 89, 1309, 1309]
[1, 10, 11, 143, 1015, 1007, 1309, 460, 118, 23, 234, 1309]
[1, 5, 568, 6, 2, 28, 15, 1309]
[1, 5, 568, 6, 2, 22, 12, 1309]
[1, 100, 1309, 4, 3, 1309, 1309, 31, 39, 2, 12, 73, 780, 1309]
[1, 100, 1309, 4, 3, 1309, 1309, 31, 39, 2, 28, 15, 73, 780, 1309]
[1, 1309, 4, 3, 391, 1309, 4, 3, 391, 1309]
[1, 79, 1309, 91, 1309, 91, 1309]
[1, 35, 1309, 1309, 1309, 1309, 1309]
[1, 83, 1309, 83, 1309, 83, 1309]
[1, 55, 104, 1309, 55, 104, 1309, 55, 104, 1309]
[1, 526, 348, 1309, 526, 348, 1309, 348, 1309]
[1, 311, 225, 1309, 311, 225, 1309, 225, 1309]
[1, 1309, 1309, 757, 1309, 757, 1309]
[1, 169, 1309, 169, 1309, 169, 1309]
[1, 28, 15, 1309, 2, 15, 1309, 28, 1309]
[1, 91, 1309, 91, 1309, 91, 1309]
[1, 207, 1309, 207, 1309, 207, 1309]
[1, 311, 225, 1309, 311, 225, 1309, 225, 1309]
[1, 169, 1309, 169, 1309, 169, 1309]
[1, 652, 1309, 652, 1309, 652, 1309]
[1, 128, 1309, 128, 1309, 128, 1309]
[1, 416, 200, 1309, 1309, 416, 200, 1309, 416, 200, 1309]
[1, 311, 225, 1309, 311, 225, 1309, 225, 1309]
[1, 526, 348, 1309, 526, 348, 1309, 348, 1309]
[1, 169, 1309, 169, 1309, 169, 1309]
[1, 91, 1309, 91, 1309, 91, 1309]
[1, 28, 15, 1309, 2, 15, 1309, 28, 1309]
[1, 169, 1309]
[1, 5, 42, 48, 2, 471, 499, 551, 1309, 2, 21, 1309]
[1, 10, 11, 15, 216, 39, 531, 9, 2, 26, 23, 1309, 350, 3, 1309]
[1, 10, 11, 350, 1298, 39, 1309, 2, 15, 1019, 1309]
[1, 10, 11, 459, 270, 7, 38, 19, 112, 1309]
[1, 10, 11, 292, 7, 38, 19, 357, 1309]
[1, 10, 11, 1066, 7, 255, 263, 430, 432, 1309]
[1, 8, 658, 1309, 1091, 166, 9, 2, 15, 1309]
[1, 5, 1309, 2, 234, 106, 1309, 270, 38, 19, 95, 48, 1309]
[1, 5, 1309, 2, 471, 1309, 769, 33, 38, 19, 1242, 1309]
[1, 1309]
[1, 1309, 436, 1309, 1309, 1309, 1309, 1309]
[1, 604, 1309, 604, 1309, 604, 1309]
[1, 228, 88, 1309, 228, 88, 1309, 228, 88, 1309]
[1, 79, 1309, 79, 1309, 79, 1309]
[1, 38, 19, 1309, 38, 19, 1309, 38, 19, 1309]
[1, 374, 1309, 374, 1309, 374, 1309]
[1, 1309, 1309, 1309, 1309, 1309, 1309]
[1, 79, 1309, 79, 1309, 79, 1309]
[1, 606, 1309, 606, 1309, 606, 1309]
[1, 374, 1309, 374, 1309, 374, 1309]
[1, 1309, 1309, 1309, 1309, 1309, 1309]
[1, 380, 1309]
[1, 1309]
[1, 1309, 1309, 1309, 1309, 1309, 1309]
[1, 647, 1309, 647, 1309, 647, 1309]
[1, 660, 1309, 660, 1309, 660, 1309]
[1, 683, 1309, 683, 1309, 683, 1309]
[1, 83, 1309, 83, 1309, 83, 1309]
[1, 497, 283, 1309, 497, 283, 1309, 283, 1309]
[1, 1309, 1309, 1309, 1309, 1309, 1309]
[1, 497, 283, 1309, 497, 283, 1309, 283, 1309]
[1, 83, 1309, 83, 1309, 83, 1309]
[1, 83, 1309, 523, 1309, 83, 1309]
[1, 746, 595, 1309, 746, 595, 1309, 595, 1309]
[1, 1309, 1309, 1309, 1309, 1309, 1309]
[1, 279, 206, 1309, 279, 206, 1309]
[1, 632, 648, 1309]
[1, 10, 11, 292, 7, 728, 766, 112, 270, 25, 1309, 26, 1309]
[1, 1309, 47, 1309, 1309, 1309]
[1, 282, 124, 1309, 282, 124, 1309, 124, 1309]
[1, 564, 504, 1309, 564, 504, 1309, 504, 1309]
[1, 524, 453, 1309, 2, 524, 453, 1309, 453, 1309]
[1, 17, 268, 552, 1309, 17, 268, 552, 1309, 552, 1309]
[1, 498, 351, 1309, 498, 351, 1309, 351, 1309]
[1, 83, 1309, 83, 1309, 83, 1309]
[1, 282, 124, 1309, 282, 124, 1309, 124, 1309]
[1, 524, 453, 1309, 2, 524, 453, 1309, 271, 1309]
[1, 1309, 1309, 1309, 1309, 1309, 1309]
[1, 405, 447, 1309, 1309, 1211, 1140, 1309, 2, 405, 447, 1309]
[1, 282, 124, 1309, 282, 124, 1309, 124, 1309]
[1, 45, 20, 1309, 45, 20, 1309, 20, 1309]
[1, 1309, 405, 447, 256, 1309, 1309, 405, 447, 256, 1309, 405, 447, 1309]
[1, 1309, 1309, 1309, 1309, 1309, 1309]
[1, 83, 1309, 1309, 1309, 1309, 1309]
[1, 55, 104, 1309, 55, 104, 1309, 104, 1309]
[1, 45, 20, 1309, 45, 20, 1309, 20, 1309]
[1, 282, 124, 1309, 282, 124, 1309, 124, 1309]
[1, 242, 792, 1309]
[1, 8, 6, 2, 408, 819, 9, 2, 12, 1309, 26, 1309]
[1, 5, 6, 45, 20, 1309, 435, 353, 9, 2, 23, 1309]
[1, 10, 11, 811, 7, 45, 20, 357, 1309, 2, 23, 1309]
[1, 8, 817, 2, 101, 525, 1309, 2, 12, 1309]
[1, 8, 48, 2, 101, 959, 96, 1309, 2, 12, 1309]
[1, 10, 11, 270, 7, 564, 504, 357, 1309, 2, 23, 1309]
[1, 5, 6, 2, 435, 353, 9, 45, 20, 33, 1309, 847, 230, 25, 9, 2, 23, 1309]
[1, 10, 105, 96, 7, 45, 20, 357, 1309]
[1, 5, 6, 2, 106, 1309, 1309, 292, 33, 45, 20, 48, 1309, 166, 1309, 2, 77, 1309]
[1, 8, 48, 2, 101, 525, 230, 1309, 360, 216, 9, 2, 77, 1309]
[1, 5, 144, 145, 328, 63, 53, 1309]
[1, 5, 6, 20, 1309, 435, 353, 1309, 2, 166, 1309, 2, 23, 1309]
[1, 10, 11, 93, 6, 20, 509, 24, 2, 26, 23, 1309]
[1, 8, 656, 2, 12, 25, 876, 525, 1309]
[1, 10, 11, 270, 7, 395, 338, 407, 1309]
[1, 5, 6, 20, 1309, 435, 353, 9, 2, 26, 23, 1309]
[1, 10, 11, 292, 7, 20, 44, 1309, 26, 1309]
[1, 5, 22, 75, 759, 2, 129, 1309, 93, 1309, 2, 26, 23, 1309]
[1, 8, 6, 2, 12, 1309, 437, 1299, 9, 2, 26, 23, 1309]
[1, 5, 6, 395, 338, 1309, 488, 96, 1196, 485, 1309, 26, 1309]
[1, 10, 11, 96, 7, 2, 12, 1309, 260, 704, 1309, 1309]
[1, 10, 11, 303, 7, 469, 480, 790, 1309]
[1, 8, 6, 85, 1309, 2, 42, 1309, 459, 275, 1309]
[1, 10, 11, 811, 7, 839, 763, 44, 1309]
[1, 5, 144, 145, 300, 522, 53, 1309]
[1, 5, 144, 145, 148, 218, 522, 53, 1309]
[1, 5, 1309, 2, 144, 469, 480, 446, 522, 1309]
[1, 10, 11, 301, 7, 2, 12, 260, 1240, 59, 883, 1309, 153, 1309]
[1, 18, 66, 48, 2, 101, 303, 1309, 2, 42, 1309]
[1, 18, 66, 656, 2, 12, 1309, 275, 1309]
[1, 10, 11, 292, 7, 839, 763, 44, 9, 2, 118, 23, 1309]
[1, 1309, 37, 1309, 37, 1309]
[1, 36, 27, 1309, 36, 27, 1309, 27, 1309]
[1, 66, 148, 218, 1309, 148, 218, 1309, 218, 1309]
[1, 469, 480, 16, 287, 197, 1309, 469, 480, 16, 287, 197, 1309]
[1, 241, 137, 1309, 2, 241, 137, 1309, 137, 1309]
[1, 84, 74, 1309, 84, 74, 1309, 74, 1309]
[1, 254, 1309, 254, 1309, 254, 1309]
[1, 113, 1309, 113, 1309, 113, 1309]
[1, 389, 1309, 389, 1309, 389, 1309]
[1, 241, 137, 1309, 2, 241, 137, 1309, 137, 1309]
[1, 389, 1309, 389, 1309, 389, 1309, 1309]
[1, 254, 1309, 254, 1309, 254, 1309]
[1, 241, 137, 1309, 2, 241, 137, 1309, 137, 1309]
[1, 84, 74, 1309, 2, 84, 74, 1309, 74, 1309]
[1, 113, 1309, 113, 1309, 113, 1309]
[1, 241, 137, 1309, 2, 241, 137, 1309, 137, 1309]
[1, 581, 1309, 581, 1309, 581, 1309, 1309]
[1, 84, 74, 1309, 2, 241, 137, 1309, 74, 1309]
[1, 254, 1309, 254, 1309]
[1, 220, 139, 1309, 2, 220, 139, 1309, 139, 1309]
[1, 1309, 1309, 1309, 1309, 1309, 1309]
[1, 29, 62, 49, 1309, 29, 62, 49, 1309, 49, 1309]
[1, 602, 1309, 602, 1309, 602, 1309, 1309]
[1, 1309, 281, 1309, 1309, 281, 1309, 1309, 1309]
[1, 12, 1309, 2, 12, 1309, 12, 1309]
[1, 601, 1309, 601, 1309, 1309, 601, 1309, 1309]
[1, 29, 62, 49, 1309, 29, 62, 49, 1309, 49, 1309]
[1, 1309, 1309, 1309, 281, 1309, 1309, 1309]
[1, 20, 1309, 20, 1309]
[1, 220, 139, 1309, 2, 220, 139, 1309, 139, 1309]
[1, 1309, 1309, 1309, 1309, 1309, 1309]
[1, 29, 62, 49, 1309, 29, 62, 49, 1309, 49, 1309]
[1, 220, 139, 1309, 220, 139, 1309, 139, 1309]
[1, 29, 62, 49, 1309, 29, 62, 49, 1309, 49, 1309]
[1, 1309, 1309, 1309, 1309, 1309, 1309]
[1, 63, 108, 1309, 63, 108, 1309, 1309, 108, 1309]
[1, 1309, 313, 202, 1309, 1309, 313, 202, 1309, 313, 202, 1309]
[1, 37, 1309, 37, 1309, 37, 1309]
[1, 1309, 1309, 1309, 1309, 1309, 1309]
[1, 200, 742, 1309, 200, 742, 1309, 200, 1309]
[1, 202, 1309, 202, 1309, 202, 1309]
[1, 1309, 1309, 1309, 1309, 1309, 1309]
[1, 4, 3, 1309, 2, 4, 3, 1309, 4, 3, 1309]
[1, 37, 1309, 37, 1309, 37, 1309]
[1, 313, 202, 1309, 1309, 313, 202, 1309, 313, 202, 1309]
[1, 1309, 1309, 1309, 1309, 1309, 1309]
[1, 63, 108, 1309, 63, 108, 1309, 108, 1309]
[1, 1309, 1309, 1309, 1309, 1309, 1309, 1309, 1309]
[1, 55, 52, 1309, 55, 52, 1309, 52, 1309, 52, 1309]
[1, 1309, 1309, 1309, 1309, 1309, 1309, 1309, 1309]
[1, 541, 443, 397, 1309, 171, 462, 16, 425, 409, 1309, 541, 443, 397, 1309, 171, 462, 16, 425, 409, 1309, 541, 443, 397, 1309, 171, 462, 16, 425, 409, 1309]
[1, 1309]
[1, 12, 1309, 2, 12, 1309, 12, 1309, 12, 1309]
[1, 12, 1309, 2, 12, 1309, 12, 1309, 12, 1309]
[1, 55, 52, 1309, 55, 52, 1309, 52, 1309, 52, 1309]
[1, 1309, 1309, 1309, 1309, 1309, 1309, 1309, 1309]
[1, 45, 20, 1309, 45, 20, 1309, 20, 1309, 20, 1309]
[1, 47, 1309, 47, 1309, 47, 1309, 47, 1309]
[1, 47, 1309, 47, 1309, 47, 1309, 47, 1309]
[1, 45, 20, 1309, 45, 20, 1309, 20, 1309, 20, 1309]
[1, 55, 52, 1309, 55, 52, 1309, 52, 1309, 52, 1309]
[1, 4, 3, 76, 1309, 4, 3, 76, 1309, 76, 1309, 76, 1309]
[1, 45, 20, 1309, 45, 20, 1309, 20, 1309, 20, 1309]
[1, 1309, 1309]
[1, 5, 1309, 2, 56, 1309, 2, 94, 8, 6, 1309, 1309, 4, 3, 76, 1309]
[1, 31, 6, 20, 445, 1309, 1309, 1309, 2, 21, 247, 1309]
[1, 31, 6, 19, 2, 85, 1264, 1309, 2, 21, 247, 1309]
[1, 10, 217, 6, 19, 24, 4, 3, 1309, 1309]
[1, 10, 132, 1188, 6, 20, 349, 19, 24, 4, 3, 1309, 1309]
[1, 8, 6, 2, 1309, 1309, 429, 1309, 2, 128, 21, 247, 1309]
[1, 8, 6, 248, 1309, 1309, 2, 85, 995, 1309, 2, 21, 247, 1309, 271, 1309]
[1, 1309, 128, 1309, 8, 6, 2, 85, 75, 1309, 1309, 531, 1309, 2, 21, 247, 1309]
[1, 10, 217, 6, 19, 24, 4, 3, 1309, 1309]
[1, 5, 144, 7, 19, 53, 24, 4, 3, 1309, 1309]
[1, 20, 6, 2, 106, 35, 429, 1309, 18, 247, 1309]
[1, 19, 6, 2, 106, 35, 429, 1309, 18, 247, 1309]
[1, 8, 6, 2, 106, 47, 247, 429, 9, 128, 1309]
[1, 5, 77, 7, 19, 891, 2, 106, 35, 247, 429, 144, 1309]
[1, 1309, 128, 1309, 128, 1309]
[1, 1309, 1309, 1309, 1309, 1309, 1309]
[1, 1309, 213, 16, 1309, 401, 1309, 1309, 213, 16, 1309, 401, 1309, 1309, 213, 16, 1309, 401, 1309]
[1, 4, 3, 1309, 1309, 4, 3, 1309, 1309, 1309, 1309]
[1, 825, 562, 1309, 2, 825, 562, 1309, 562, 1309]
[1, 66, 1309, 66, 1309, 66, 1309]
[1, 52, 1309, 52, 1309, 52, 1309]
[1, 12, 1309, 2, 12, 1309, 12, 1309]
[1, 66, 1309, 66, 1309, 66, 1309]
[1, 52, 1309, 52, 1309, 52, 1309]
[1, 288, 1309, 288, 1309, 288, 1309]
[1, 4, 3, 1309, 1309, 4, 3, 1309, 1309, 1309, 1309]
[1, 189, 133, 1309, 189, 133, 1309, 133, 1309]
[1, 252, 239, 1309, 252, 239, 1309, 426, 252, 239, 1309]
[1, 1309, 575, 1309, 1309, 575, 1309, 575, 1309]
[1, 804, 540, 1309, 804, 540, 1309, 540, 1309]
[1, 269, 1309, 269, 1309, 269, 1309]
[1, 189, 133, 1309, 189, 133, 1309, 133, 1309]
[1, 269, 1309, 269, 1309, 269, 1309]
[1, 426, 252, 239, 246, 1309, 252, 239, 246, 1309, 426, 252, 239, 1309]
[1, 189, 133, 1309, 189, 133, 1309, 133, 1309]
[1, 1309, 29, 621, 1279, 1309, 844, 1309, 844, 1309]
[1, 1309, 426, 252, 239, 246, 1309]
[1, 5, 7, 1309, 1090, 1309, 216, 837, 1309, 1006, 24, 4, 3, 1309, 856, 1309, 2, 1110, 1309, 2, 67, 1309]
[1, 5, 75, 7, 2, 67, 1303, 1309, 30, 1309, 13, 870, 9, 1309, 67, 115, 1309, 135, 79, 1309, 2, 118, 23, 1309]
[1, 5, 67, 553, 1309, 741, 531, 9, 4, 3, 196, 1309]
[1, 8, 6, 770, 1309, 2, 1291, 42, 1309, 2, 4, 3, 1309]
[1, 5, 6, 2, 265, 112, 1309, 4, 3, 76, 1309]
[1, 5, 42, 387, 4, 3, 76, 1309]
[1, 5, 114, 670, 7, 2, 12, 473, 1309, 4, 3, 1309, 1309]
[1, 5, 6, 52, 1309, 265, 14, 1309, 2, 22, 94, 1309]
[1, 5, 6, 2, 73, 14, 33, 52, 89, 1309, 1309, 94, 9, 22, 1309]
[1, 5, 6, 2, 265, 112, 9, 4, 3, 76, 1309]
[1, 5, 42, 7, 2, 22, 12, 53, 1309, 4, 3, 76, 1309]
[1, 5, 114, 39, 2, 535, 1309, 796, 1309, 4, 3, 1309, 1309]
[1, 5, 845, 7, 2, 12, 473, 9, 4, 3, 1309, 1309]
[1, 8, 1309, 2, 490, 130, 160, 372, 42, 1309, 473, 779, 333, 1309, 1309, 4, 3, 1309]
[1, 5, 6, 1309, 1270, 4, 3, 60, 2, 12, 998, 176, 796, 1309]
[1, 5, 6, 2, 114, 1309, 2, 333, 1309, 4, 3, 924, 31, 52, 6, 94, 1309]
[1, 5, 114, 845, 95, 22, 1202, 1309]
[1, 515, 22, 826, 176, 1309, 5, 935, 7, 28, 473, 1309, 4, 3, 1309, 1309]
[1, 1309, 600, 333, 25, 558, 670, 1309, 600, 1309]
[1, 17, 41, 193, 1309, 17, 41, 193, 1309, 17, 41, 193, 1309]
[1, 123, 142, 1309, 123, 142, 1309, 123, 1309]
[1, 17, 41, 1309, 17, 41, 1309, 17, 41, 1309]
[1, 64, 65, 1309, 64, 65, 1309, 64, 65, 1309]
[1, 17, 41, 90, 1309, 2, 17, 41, 90, 1309, 17, 41, 193, 141, 276, 16, 1130, 1309, 2, 17, 41, 90, 1309]
[1, 5, 6, 2, 56, 1309, 2, 438, 2, 15, 826, 1309, 329, 1309, 24, 4, 3, 1309, 1309]
[1, 60, 7, 2, 15, 141, 1309, 9, 4, 3, 1309, 1309]
[1, 60, 7, 2, 12, 141, 1309, 9, 4, 3, 1309, 1309]
[1, 60, 7, 2, 15, 141, 9, 2, 4, 3, 1309]
[1, 18, 438, 7, 2, 15, 329, 1309, 9, 2, 4, 3, 1309]
[1, 1309, 2, 17, 41, 90, 1309, 17, 41, 90, 1309]
[1, 123, 142, 1309, 1309, 123, 142, 1309, 123, 1309]
[1, 64, 65, 90, 1309]
[1, 1309]
[1, 17, 41, 1309, 2, 17, 41, 193, 141, 276, 1309, 17, 41, 193, 1309]
[1, 17, 41, 90, 1309]
[1, 1309]
[1, 123, 142, 1309, 1309, 123, 142, 1309, 123, 1309]
[1, 64, 65, 90, 1309]
[1, 1309]
[1, 543, 1309, 1309, 87, 1309, 1309, 543, 1309, 1309, 87, 1309, 87, 1309]
[1, 4, 3, 1309, 1309, 4, 3, 1309, 1309, 1309, 1309]
[1, 842, 693, 1309, 842, 693, 1309, 693, 1309]
[1, 4, 3, 751, 1309, 4, 3, 751, 1309, 1309, 1309]
[1, 211, 158, 1309, 211, 158, 150, 1309, 158, 1309]
[1, 87, 1309, 87, 1309, 87, 1309]
[1, 4, 3, 1309, 1309, 1309, 1309, 1309, 1309]
[1, 1309, 1309, 1309, 1309, 1309, 1309]
[1, 50, 1309, 50, 1309, 50, 1309]
[1, 543, 1309, 1309, 87, 1309, 1309, 543, 1309, 1309, 87, 1309, 87, 1309]
[1, 385, 199, 1309, 385, 199, 1309, 385, 1309]
[1, 1309, 1309, 1309, 1309, 1309, 1309]
[1, 50, 1309, 50, 1309, 50, 1309]
[1, 4, 3, 1309, 1309]
[1, 5, 553, 1309, 642, 7, 2, 1286, 4, 3, 289, 1309, 729, 2, 14, 106, 1309]
[1, 5, 1309, 2, 203, 642, 768, 1309, 1309, 9, 4, 3, 1309, 1309]
[1, 1309, 1309, 1309, 1309, 1309]
[1, 50, 1309, 50, 1309, 50, 1309]
[1, 135, 1309, 1309, 26, 1309, 135, 1309, 1309, 1309]
[1, 1309, 1309, 576, 318, 1309, 1309, 1309]
[1, 50, 1309, 50, 1309, 50, 1309]
[1, 50, 1309, 50, 1309, 50, 1309]
[1, 116, 4, 3, 1309, 2, 1309, 116, 4, 3, 1309, 1309, 116, 4, 3, 1309]
[1, 50, 495, 1309, 50, 495, 1309, 50, 495, 1309]
[1, 2, 576, 318, 1309, 2, 1309, 1309, 1309, 1309]
[1, 50, 1309, 50, 1309, 50, 1309]
[1, 195, 71, 1309, 2, 195, 71, 1309, 195, 71, 1309]
[1, 17, 54, 1309, 17, 54, 1309, 17, 54, 1309]
[1, 1309, 186, 1309, 1309, 186, 1309, 186, 1309]
[1, 733, 578, 1309, 733, 578, 1309, 578, 1309]
[1, 346, 1309, 1309, 346, 1309, 1309, 346, 1309, 1309]
[1, 1309, 34, 1309, 508, 349, 1309, 34, 1309, 1309, 34, 1309]
[1, 1309, 186, 1309, 1309, 186, 1309, 186, 1309]
[1, 195, 71, 1309, 2, 195, 71, 1309, 195, 71, 1309]
[1, 4, 3, 43, 1309, 4, 3, 43, 1309, 4, 3, 43, 1309]
[1, 195, 71, 1309, 1309, 2, 195, 71, 1309, 195, 71, 1309]
[1, 4, 3, 43, 1309, 4, 3, 43, 1309, 754, 1309, 1309, 4, 3, 43, 1309]
[1, 1309, 186, 1309, 1309, 186, 1309, 186, 1309]
[1, 4, 3, 43, 1309, 1309, 4, 3, 43, 1309, 1309, 4, 3, 43, 1309]
[1, 508, 349, 1309, 34, 1309, 508, 349, 1309, 34, 1309, 1309, 34, 1309]
[1, 399, 1309, 186, 1309, 1309, 186, 1309, 399, 1309, 186, 1309]
[1, 1309, 1309, 34, 1309]
[1, 5, 7, 2, 195, 71, 109, 1309]
[1, 1309, 5, 142, 1309, 655, 67, 290, 1309]
[1, 10, 132, 222, 1309, 610, 810, 1309, 130, 4, 917, 493, 1309]
[1, 10, 814, 212, 2, 315, 1309, 64, 65, 760, 71, 73, 1309]
[1, 10, 132, 222, 6, 810, 1309, 130, 731, 1309, 2, 149, 86, 1309, 511, 1062, 2, 1132, 4, 3, 1309, 1309]
[1, 5, 553, 1309, 821, 6, 78, 1309]
[1, 18, 1289, 748, 848, 1309, 608, 9, 2, 731, 1309, 1142, 798, 16, 1194, 1309]
[1, 60, 6, 1309, 951, 1309, 905, 16, 1137, 836, 78, 1309, 100, 1309, 2, 4, 3, 1309]
[1, 8, 848, 1217, 478, 16, 907, 1309, 511, 25, 2, 175, 1309]
[1, 8, 633, 727, 568, 1143, 9, 2, 890, 315, 437, 1309, 1309, 2, 4, 3, 1309]
[1, 5, 6, 2, 175, 1309, 2, 130, 4, 3, 493, 1309, 2, 17, 54, 86, 1309]
[1, 8, 105, 44, 240, 319, 1282, 1309, 125, 2, 836, 651, 25, 2, 4, 3, 1309, 64, 65, 1309]
[1, 1309, 5, 81, 6, 4, 3, 103, 120, 78, 1309]
[1, 1309, 5, 81, 145, 2, 4, 3, 157, 81, 926, 152, 121, 1309]
[1, 5, 235, 237, 4, 3, 103, 120, 1309]
[1, 1309, 5, 43, 1309, 177, 71, 290, 1309]
[1, 1309]
[1, 2, 116, 236, 238, 1309, 2, 116, 236, 238, 1309, 116, 236, 238, 1309]
[1, 1309, 1309, 1105, 1309, 5, 81, 1309, 2, 135, 1309, 2, 1161, 157, 81, 78, 100, 1309, 1309, 4, 3, 1309]
[1, 5, 81, 1309, 2, 135, 6, 157, 81, 78, 1309, 9, 4, 3, 1309, 1309]
[1, 5, 6, 2, 56, 1309, 2, 157, 81, 315, 9, 4, 3, 1309, 1309]
[1, 1309]
[1, 177, 71, 1309, 177, 71, 1309, 177, 71, 1309]
[1, 17, 41, 1309, 17, 41, 1309, 17, 41, 1309]
[1, 31, 1309, 2, 14, 1309, 157, 81, 741, 78, 1309]
[1, 5, 29, 56, 6, 198, 1309, 2, 157, 81, 1309]
[1, 1309, 4, 3, 103, 120, 1309, 4, 3, 103, 120, 1309]
[1, 60, 6, 157, 81, 9, 4, 3, 1309, 78, 1309]
[1, 1309, 1309, 177, 71, 1309, 17, 41, 1309, 17, 41, 1309]
[1, 2, 116, 236, 238, 1309]
[1, 1309]
[1, 295, 1309, 295, 1309, 295, 1309]
[1, 4, 3, 103, 120, 1309]
[1, 60, 6, 2, 29, 157, 81, 315, 9, 4, 3, 1309, 78, 1309]
[1, 1309, 177, 71, 1309, 177, 71, 1309]
[1, 116, 236, 238, 1309]
[1, 1309]
[1, 161, 1309, 1309, 127, 1309, 161, 1309, 1309, 127, 1309, 161, 1309, 1309, 127, 1309]
[1, 122, 259, 1309, 122, 259, 1309, 122, 259, 1309]
[1, 1309, 1309, 34, 1309, 297, 1309, 1309, 34, 1309, 1309, 1309, 34, 1309]
[1, 580, 623, 1309, 580, 623, 1309, 580, 1309]
[1, 638, 1309, 638, 1309, 638, 1309]
[1, 563, 1309, 563, 1309, 563, 1309]
[1, 4, 3, 1309, 109, 183, 1309, 2, 4, 3, 1309, 109, 183, 1309, 4, 3, 1309, 109, 183, 1309]
[1, 297, 1309, 1309, 34, 1309, 297, 1309, 1309, 34, 1309, 297, 1309, 1309, 34, 1309]
[1, 478, 1309, 603, 478, 1309, 478, 1309]
[1, 122, 259, 1309, 122, 259, 1309, 122, 259, 1309]
[1, 122, 259, 1309, 122, 259, 1309, 122, 259, 1309]
[1, 297, 1309, 1309, 34, 1309, 297, 1309, 1309, 34, 1309, 1309, 1309, 34, 1309]
[1, 1309, 1309, 1309, 294, 1309, 1309, 1309]
[1, 2, 1309, 125, 1309, 2, 1309, 125, 1309, 1309, 125, 1309]
[1, 1309, 294, 1309, 1309, 294, 1309, 1309, 1309]
[1, 1309, 125, 1309, 2, 1309, 125, 1309, 1309, 125, 1309]
[1, 2, 101, 529, 4, 3, 551, 1309, 529, 4, 3, 1309, 529, 1309]
[1, 1309, 294, 1309, 1309, 294, 1309, 360, 222, 1309, 1309, 1309]
[1, 2, 1309, 125, 1309, 2, 1309, 125, 1309, 1309, 125, 1309]
[1, 1309, 294, 1309, 1309, 294, 1309, 1309, 1309]
[1, 1309, 125, 1309, 2, 1309, 125, 1309, 1309, 125, 1309]
[1, 211, 158, 1309, 211, 158, 1309, 158, 1309]
[1, 1309, 1309, 1309, 1309, 1309, 1309]
[1, 1309, 1309, 1309, 1309, 1309, 1309, 1309]
[1, 184, 1309, 404, 1309, 184, 1309, 1309, 1309, 184, 1309, 404, 1309]
[1, 184, 1309, 404, 1309, 184, 1309, 1309, 1309, 184, 1309, 1309, 1309]
[1, 211, 158, 150, 1309, 2, 211, 158, 150, 1309, 211, 158, 150, 1309]
[1, 818, 1272, 1309, 818, 50, 1309, 50, 1309]
[1, 184, 1309, 1309, 1309, 184, 1309, 1309, 1309, 184, 1309, 1309, 1309]
[1, 2, 211, 158, 150, 1309, 2, 211, 158, 150, 1309, 211, 158, 150, 1309]
[1, 184, 1309, 404, 1309, 184, 1309, 1309, 1309, 184, 1309, 404, 1309]
[1, 40, 1309, 40, 1309, 40, 1309]
[1, 352, 383, 1309, 352, 383, 1309, 352, 383, 1309]
[1, 308, 320, 1309, 308, 320, 1309, 308, 320, 1309]
[1, 1309, 1309, 1309, 1309, 1309, 1309]
[1, 1309, 1309, 1309, 1309, 1309, 1309]
[1, 37, 1309, 37, 1309, 37, 1309]
[1, 335, 1309, 2, 335, 1309, 335, 1309]
[1, 1163, 1309, 472, 1309, 472, 1309]
[1, 1309, 545, 1309, 1309, 1309, 1309, 1309]
[1, 335, 1309, 2, 335, 1309, 335, 1309]
[1, 40, 1309, 40, 1309, 40, 1309]
[1, 37, 1309, 37, 1309, 37, 1309]
[1, 40, 1309, 40, 1309, 40, 1309]
[1, 208, 513, 16, 352, 383, 1309, 208, 513, 16, 352, 383, 1309, 208, 513, 16, 352, 383, 1309]
[1, 308, 320, 16, 442, 419, 1309, 308, 320, 16, 442, 419, 1309, 308, 320, 16, 442, 419, 1309]
[1, 1309, 1309, 1309, 1309, 1309, 1309]
[1, 274, 1309, 274, 1309, 274, 1309]
[1, 98, 99, 1309, 98, 99, 1309, 98, 99, 1309]
[1, 55, 249, 1309, 55, 249, 1309, 249, 1309]
[1, 375, 165, 1309, 375, 165, 1309, 375, 165, 1309]
[1, 343, 1309, 1309, 26, 1309, 343, 1309, 1309, 26, 1309, 343, 1309, 1309, 26, 1309, 1309]
[1, 280, 1309, 280, 1309, 280, 1309]
[1, 40, 1309, 98, 99, 1309, 98, 99, 1309]
[1, 98, 99, 1309, 98, 99, 1309, 98, 99, 1309]
[1, 55, 249, 1309]
[1, 5, 1260, 7, 2, 280, 619, 1309, 2, 4, 3, 1309]
[1, 8, 39, 2, 98, 99, 865, 9, 4, 3, 1309, 1309]
[1, 8, 6, 2, 98, 99, 272, 1198, 9, 4, 3, 1309, 1309]
[1, 1309, 55, 249, 1309, 249, 1309]
[1, 21, 285, 1309, 21, 285, 1309, 21, 285, 299, 1309]
[1, 1309, 5, 299, 452, 2, 98, 99, 151, 1309, 830, 1309]
[1, 5, 40, 723, 777, 1309, 484, 1309]
[1, 1309, 5, 14, 854, 6, 2, 40, 341, 657, 801, 1309]
[1, 5, 619, 1309, 1205, 1266, 2, 40, 341, 657, 1309]
[1, 5, 6, 2, 1035, 56, 1309, 2, 679, 33, 830, 2, 4, 3, 1309, 14, 1309]
[1, 18, 14, 854, 452, 622, 484, 2, 14, 1309, 1309]
[1, 18, 994, 439, 39, 2, 490, 474, 8, 452, 484, 2, 14, 1309, 59, 565, 1309]
[1, 5, 657, 7, 622, 289, 1309, 570, 2, 14, 1309, 59, 678, 1309]
[1, 18, 734, 69, 48, 1026, 981, 893, 1309, 285, 565, 1309]
[1, 18, 285, 299, 39, 210, 439, 838, 1309, 570, 4, 3, 1309, 1309, 59, 565, 1309]
[1, 1309, 21, 285, 1309, 21, 1309]
[1, 589, 673, 1309, 2, 14, 1309, 589, 673, 1309, 589, 673, 1309]
[1, 210, 1309, 210, 1309, 210, 1309]
[1, 339, 1309]
[1, 5, 747, 32, 506, 542, 110, 4, 3, 1309, 1309, 40, 1309]
[1, 5, 32, 227, 1309, 40, 110, 46, 266, 417, 1309]
[1, 18, 46, 120, 1236, 109, 32, 89, 542, 110, 4, 3, 1309, 1268, 1309]
[1, 5, 130, 40, 747, 32, 89, 1309, 110, 2, 749, 35, 33, 680, 542, 110, 4, 3, 1309, 1309]
[1, 5, 40, 32, 506, 2, 4, 3, 1309]
[1, 5, 506, 2, 46, 32, 25, 257, 232, 1309]
[1, 5, 506, 2, 46, 266, 417, 110, 4, 3, 1309, 1309]
[1, 1309, 2, 46, 46, 32, 25, 126, 262, 1309, 2, 46, 46, 32, 25, 126, 262, 1309]
[1, 5, 6, 2, 1144, 1114, 9, 1309, 362, 1309, 24, 4, 3, 1309, 1309]
[1, 5, 1096, 69, 1271, 1309, 492, 1208, 557, 1309, 151, 855, 1309, 1309, 583, 1309]
[1, 5, 691, 628, 2, 1309, 532, 2, 4, 3, 1309, 233, 1309]
[1, 5, 428, 1309, 2, 536, 674, 6, 1004, 24, 2, 4, 3, 1309]
[1, 5, 6, 2, 784, 175, 9, 1309, 1309, 204, 713, 1309, 281, 16, 997, 24, 4, 3, 1309, 1309]
[1, 18, 69, 6, 198, 1169, 1309, 724, 1309, 735, 24, 4, 3, 1309, 1309, 1309, 1283, 1056, 1309]
[1, 18, 69, 78, 1309, 233, 919, 720, 452, 904, 9, 1309, 866, 1309, 44, 59, 686, 204, 306, 24, 4, 3, 1309, 1309]
[1, 18, 1215, 902, 69, 726, 59, 1309, 9, 2, 85, 173, 24, 4, 3, 1309, 1309]
[1, 8, 454, 59, 4, 3, 204, 910, 25, 544, 1309]
[1, 18, 69, 95, 240, 838, 1309, 724, 1055, 855, 1309, 1309, 1255, 583, 1309]
[1, 18, 69, 95, 78, 968, 9, 1171, 1309, 807, 59, 686, 1309, 9, 2, 69, 1309]
[1, 5, 69, 6, 1309, 791, 73, 77, 9, 1294, 4, 3, 735, 1309, 1309, 440, 583, 1309]
[1, 5, 69, 6, 229, 2, 73, 4, 3, 464, 147, 1222, 439, 44, 1309, 957, 1309, 153, 59, 686, 204, 1052, 227, 1309]
[1, 5, 6, 2, 156, 1233, 4, 3, 1309, 879, 319, 1309]
[1, 5, 6, 2, 56, 1309, 2, 233, 628, 1309, 223, 1309]
[1, 5, 69, 107, 1309, 331, 1075, 1177, 1309, 2, 223, 233, 1309]
[1, 10, 814, 6, 2, 136, 146, 134, 204, 1309]
[1, 758, 136, 146, 134, 1309, 10, 11, 130, 932, 761, 1309, 2, 233, 1309]
[1, 18, 69, 107, 1309, 233, 1309, 44, 59, 1309, 306, 9, 331, 24, 4, 3, 1309, 1309]
[1, 10, 11, 130, 720, 7, 2, 69, 1309, 33, 48, 59, 1309, 306, 9, 331, 1309, 192, 230, 1309]
[1, 18, 69, 628, 1309, 233, 319, 1309, 505, 122, 440, 14, 1309, 1309]
[1, 1309, 223, 1309, 223, 1309]
[1, 136, 146, 134, 1309, 136, 146, 134, 1309, 136, 146, 134, 1309]
[1, 91, 1309, 224, 1309, 224, 1309]
[1, 223, 1309]
[1, 8, 107, 2, 1085, 1309, 153, 1309, 331, 4, 3, 204, 227, 1309]
[1, 5, 455, 258, 726, 24, 2, 4, 3, 1309]
[1, 5, 782, 258, 6, 306, 24, 2, 4, 3, 1309]
[1, 740, 25, 1309, 755, 822, 1309, 5, 743, 258, 719, 24, 2, 4, 3, 1309]
[1, 5, 6, 2, 1080, 1309, 2, 466, 81, 521, 33, 48, 1309, 258, 24, 2, 4, 3, 1309]
[1, 5, 501, 7, 782, 608, 1309, 44, 2, 258, 227, 24, 2, 4, 3, 1309]
[1, 743, 420, 1309, 1309, 1309, 755, 822, 16, 18, 130, 501, 258, 1309, 1309, 227, 24, 2, 14, 1309]
[1, 455, 420, 9, 2, 1178, 57, 1309, 945, 16, 18, 130, 501, 258, 1309]
[1, 699, 420, 9, 2, 903, 1306, 1309, 966, 603, 2, 1037, 888, 1309, 16, 18, 130, 501, 258, 1309, 1309, 227, 24, 2, 14, 1309]
[1, 5, 800, 1253, 1022, 970, 521, 7, 104, 608, 1309, 967, 1309, 1300, 1309, 24, 2, 4, 3, 1309]
[1, 5, 521, 69, 420, 1309, 44, 2, 828, 314, 326, 521, 1309, 306, 24, 2, 4, 3, 1309]
[1, 5, 69, 420, 9, 1309, 4, 3, 1309, 1309, 1309, 32, 1309, 258, 1309, 1183, 1309, 1148, 1309]
[1, 5, 119, 273, 684, 2, 4, 3, 1309]
[1, 8, 7, 310, 1309, 187, 35, 1309]
[1, 8, 413, 664, 427, 1309, 187, 35, 1309]
[1, 208, 327, 1309]
[1, 304, 321, 1309, 304, 321, 1309, 304, 321, 1309]
[1, 126, 377, 1309, 126, 377, 1309, 126, 377, 16, 422, 433, 1309]
[1, 47, 1309, 304, 321, 16, 451, 412, 1309]
[1, 178, 179, 1309, 178, 179, 1309, 178, 179, 1309]
[1, 187, 35, 1309, 187, 35, 1309, 187, 35, 1309]
[1, 178, 179, 1309, 178, 179, 1309, 178, 179, 1309]
[1, 208, 327, 1309, 208, 327, 1309, 208, 327, 1309]
[1, 178, 179, 1309, 178, 179, 1309, 178, 179, 1309]
[1, 304, 321, 16, 451, 412, 1309, 304, 321, 16, 451, 412, 1309, 304, 321, 16, 451, 412, 1309]
[1, 126, 377, 16, 422, 433, 1309, 126, 377, 16, 422, 433, 1309, 126, 377, 16, 422, 433, 1309]
[1, 664, 16, 58, 427, 1309]
[1, 5, 86, 7, 2, 187, 35, 151, 797, 1309]
[1, 5, 119, 284, 1309, 290, 1309, 1104, 1309, 2, 929, 1309, 22, 1309]
[1, 8, 413, 310, 9, 2, 22, 119, 1011, 1309]
[1, 5, 1309, 2, 1245, 1309, 2, 119, 284, 312, 1309, 390, 28, 1309]
[1, 1309, 5, 43, 1309, 654, 290, 1309]
[1, 8, 7, 310, 9, 2, 312, 151, 1309]
[1, 8, 413, 2, 310, 9, 2, 22, 119, 611, 1309]
[1, 8, 413, 2, 114, 627, 9, 22, 1309, 119, 611, 1309]
[1, 18, 284, 676, 2, 14, 9, 390, 28, 1309]
[1, 8, 413, 2, 310, 9, 312, 1309]
[1, 5, 47, 119, 611, 1309, 22, 684, 4, 3, 1309, 1309]
[1, 5, 119, 284, 1309, 379, 28, 684, 2, 4, 3, 1309, 14, 1309]
[1, 5, 293, 119, 284, 212, 485, 2, 14, 1309, 2, 832, 1081, 1309]
[1, 727, 205, 293, 119, 1309, 1309, 5, 119, 284, 212, 151, 2, 14, 1309]
[1, 8, 1226, 1309, 2, 293, 627, 42, 25, 324, 487, 16, 711, 730, 1309]
[1, 5, 418, 1309, 273, 212, 485, 2, 4, 3, 1309]
[1, 418, 865, 1212, 1309, 538, 489, 1309, 711, 730, 16, 8, 1307, 1309]
[1, 8, 6, 2, 101, 367, 75, 1309, 4, 3, 1309, 1309]
[1, 5, 75, 107, 2, 117, 1309, 4, 3, 1309, 1309]
[1, 8, 6, 2, 101, 367, 75, 1309, 4, 3, 750, 1309]
[1, 1309, 5, 77, 7, 354, 165, 999, 1309]
[1, 8, 1309, 2, 677, 94, 1309, 2, 12, 1309]
[1, 10, 11, 1309, 2, 100, 4, 3, 976, 719, 991, 1309, 2, 721, 32, 1309]
[1, 5, 423, 117, 6, 306, 1309, 2, 895, 892, 1309]
[1, 18, 117, 736, 1309, 444, 1309]
[1, 10, 11, 216, 44, 240, 860, 2, 101, 367, 75, 948, 9, 2, 4, 3, 1309]
[1, 10, 11, 423, 117, 1214, 39, 677, 9, 1309, 721, 896, 1309]
[1, 8, 6, 2, 117, 1309, 4, 3, 1309, 16, 1309, 1309]
[1, 8, 6, 2, 117, 1309, 4, 3, 750, 1309]
[1, 18, 117, 964, 736, 1309, 444, 1309]
[1, 10, 11, 1054, 95, 182, 180, 107, 1309]
[1, 5, 7, 182, 180, 1176, 1309]
[1, 5, 393, 95, 190, 181, 107, 1309]
[1, 5, 7, 190, 181, 815, 1309]
[1, 813, 5, 307, 7, 190, 181, 815, 2, 162, 188, 1309]
[1, 8, 1113, 2, 162, 188, 1309]
[1, 5, 1078, 7, 2, 1147, 1153, 9, 2, 14, 1309]
[1, 8, 7, 2, 162, 188, 1309, 4, 3, 1309, 1309]
[1, 5, 983, 7, 411, 307, 9, 2, 162, 188, 1309, 1149, 1309, 1309]
[1, 8, 7, 2, 4, 3, 1309, 162, 188, 1309]
[1, 10, 11, 1201, 393, 1309, 145, 2, 666, 764, 182, 180, 95, 107, 1309]
[1, 8, 7, 2, 411, 307, 1309, 2, 162, 188, 1309, 4, 3, 1309, 1309]
[1, 1309, 5, 344, 7, 2, 21, 450, 33, 51, 147, 403, 2, 58, 32, 1309]
[1, 5, 1065, 1309, 2, 709, 51, 1309]
[1, 1309, 5, 4, 3, 7, 70, 403, 2, 58, 32, 1309]
[1, 5, 6, 2, 56, 1309, 2, 820, 33, 51, 16, 70, 916, 1309, 1309]
[1, 5, 960, 4, 3, 58, 32, 7, 82, 72, 403, 1309]
[1, 8, 388, 2, 58, 32, 1309, 4, 3, 1309, 1309]
[1, 1309, 51, 1309, 51, 1309]
[1, 636, 1309, 636, 1309, 636, 1309]
[1, 1309, 278, 9, 2, 277, 1309, 1309, 278, 9, 2, 277, 1309, 278, 9, 2, 277, 1309]
[1, 51, 1309]
[1, 1309, 346, 1309, 1309, 127, 1309, 1309, 6, 577, 33, 18, 499, 147, 996, 51, 9, 2, 58, 32, 1309]
[1, 18, 820, 7, 70, 16, 51, 697, 1309, 1309]
[1, 5, 130, 423, 58, 32, 415, 787, 51, 16, 70, 9, 2, 4, 3, 1309, 58, 32, 1309]
[1, 5, 42, 573, 2, 103, 706, 1309]
[1, 8, 6, 1309, 2, 756, 166, 1309, 1309, 778, 138, 205, 45, 20, 1309]
[1, 8, 387, 1309, 96, 1309, 1309, 396, 1309, 641, 483, 1309]
[1, 8, 700, 1309, 67, 115, 9, 22, 1309]
[1, 8, 567, 2, 129, 941, 9, 1309, 96, 1309, 229, 221, 1309]
[1, 10, 11, 96, 6, 2, 138, 1309, 2, 85, 221, 1309]
[1, 8, 468, 395, 338, 9, 1309, 681, 1309, 986, 1309]
[1, 8, 700, 2, 67, 115, 9, 22, 1309, 2, 85, 221, 1309, 4, 3, 1309, 1309]
[1, 229, 6, 2, 85, 173, 33, 2, 28, 42, 718, 5, 1309, 2, 732, 23, 1309]
[1, 1309, 1309, 356, 1309, 356, 1309]
[1, 22, 1309, 28, 1309, 22, 1309]
[1, 809, 690, 1309, 809, 690, 1309, 690, 1309]
[1, 1309, 1309, 170, 1309, 1309, 1309, 170, 1309, 170, 1309]
[1, 148, 155, 1309, 148, 155, 1309, 155, 1309]
[1, 1309, 356, 1309]
[1, 18, 423, 1180, 774, 1309, 1309, 587, 9, 40, 1309]
[1, 868, 138, 1309, 481, 364, 6, 773, 528, 1309]
[1, 8, 1206, 2, 129, 205, 38, 19, 639, 1168, 519, 1309, 229, 221, 1309]
[1, 18, 75, 517, 1229, 1309, 2, 129, 1309, 2, 166, 993, 1309]
[1, 5, 4, 3, 6, 2, 73, 60, 1309, 214, 6, 1106, 9, 1309, 261, 1309]
[1, 8, 573, 2, 138, 33, 6, 773, 528, 16, 577, 110, 1309, 659, 1309]
[1, 5, 587, 7, 305, 1092, 25, 2, 1302, 1309, 2, 528, 138, 1309]
[1, 8, 1309, 605, 1309, 2, 666, 1309, 503, 38, 19, 1309, 441, 2, 129, 24, 1309, 396, 1309]
[1, 8, 573, 2, 129, 33, 38, 19, 387, 24, 1309, 396, 1309, 407, 1309, 1309, 22, 261, 1309]
[1, 5, 77, 6, 2, 73, 173, 1309, 214, 432, 261, 1290, 229, 1231, 1309]
[1, 18, 1008, 871, 1046, 25, 2, 1047, 1309, 2, 659, 1309, 1309, 528, 138, 1309]
[1, 8, 250, 19, 1309, 1228, 446, 110, 2, 659, 1309]
[1, 8, 517, 2, 214, 16, 567, 2, 129, 1309, 9, 1309, 261, 1309]
[1, 31, 1309, 2, 73, 173, 1309, 214, 432, 261, 1033, 1309, 1309, 4, 3, 1309]
[1, 8, 567, 9, 1309, 28, 261, 1309, 407, 2, 112, 988, 1309]
[1, 8, 1191, 2, 129, 9, 28, 1309]
[1, 10, 11, 96, 7, 574, 482, 1309, 598, 898, 1309]
[1, 10, 11, 96, 7, 624, 502, 432, 1309, 598, 1309, 633, 2, 4, 3, 234, 1309]
[1, 10, 11, 96, 6, 2, 155, 67, 115, 1309]
[1, 10, 11, 1273, 96, 7, 38, 19, 153, 9, 201, 1309, 1309, 1309, 436, 1309]
[1, 8, 560, 1309, 261, 1016, 2, 112, 1256, 1309]
[1, 10, 132, 173, 6, 242, 1309, 2, 752, 31, 88, 560, 2, 261, 1309]
[1, 8, 560, 1309, 1101, 432, 31, 216, 1285, 1309, 319, 9, 1309, 942, 952, 1301, 7, 305, 1309]
[1, 10, 11, 96, 6, 2, 67, 115, 33, 454, 2, 112, 1045, 1309, 4, 3, 1309, 1309]
[1, 8, 590, 2, 15, 85, 261, 1309]
[1, 10, 7, 22, 112, 1309, 2, 166, 1309, 2, 221, 1309]
[1, 8, 468, 209, 286, 16, 503, 1309, 214, 1309]
[1, 5, 144, 145, 554, 342, 53, 1309]
[1, 18, 668, 596, 1309, 20, 138, 1309, 816, 16, 445, 1309, 625, 1309]
[1, 8, 6, 250, 1309, 2, 85, 345, 788, 1261, 1309]
[1, 8, 250, 38, 19, 1309, 2, 166, 1309, 2, 345, 1309]
[1, 8, 667, 2, 129, 31, 468, 1309, 463, 88, 1309]
[1, 8, 596, 45, 1309, 138, 9, 1309, 620, 1309]
[1, 10, 11, 96, 7, 2, 620, 862, 31, 2, 129, 6, 596, 944, 205, 20, 1309]
[1, 8, 468, 2, 28, 15, 1309, 94, 937, 298, 2, 166, 1309, 2, 85, 345, 1309]
[1, 18, 1028, 667, 2, 129, 110, 1309, 463, 88, 396, 1309]
[1, 8, 517, 286, 1309, 214, 1309]
[1, 8, 509, 1309, 20, 138, 1309, 529, 2, 129, 477, 1309, 2, 15, 1309]
[1, 10, 7, 2, 221, 166, 9, 2, 15, 1309]
[1, 8, 250, 19, 25, 1309, 281, 242, 1309, 2, 85, 345, 1309]
[1, 8, 6, 1309, 2, 756, 166, 1309, 1309, 1024, 138, 205, 38, 19, 1309]
[1, 8, 793, 1309, 67, 115, 9, 2, 15, 1309]
[1, 10, 11, 96, 6, 2, 793, 67, 115, 1309]
[1, 5, 269, 6, 887, 1309, 1309, 1258, 67, 115, 1309]
[1, 8, 445, 625, 38, 19, 16, 1241, 667, 2, 129, 1309]
[1, 8, 7, 19, 781, 1309, 1309, 378, 138, 1309, 1309, 2, 103, 221, 1309, 2, 458, 345, 1309]
[1, 5, 7, 323, 631, 1309, 201, 1003, 67, 115, 555, 1309]
[1, 18, 12, 75, 509, 19, 1309, 2, 15, 1309, 828, 633, 1309, 908, 1309]
[1, 1309, 1309, 1309, 296, 1309, 296, 1309]
[1, 342, 1309, 342, 1309, 342, 1309]
[1, 255, 263, 430, 1309, 255, 263, 1309, 1309]
[1, 1034, 318, 1309, 1309, 1309]
[1, 527, 323, 1309, 527, 323, 1309, 323, 1309]
[1, 512, 371, 1309, 512, 371, 1309, 371, 1309]